folder_3/sample_files/T1/000930.text
ncols         184
nrows         287
xllcorner     -128.7426372864
yllcorner     38.843218692398
cellsize      0.044946013315688
NODATA_value  -9999
[rows 58 to 86 of 287, columns 66 to 131 of 184]
-25.07595 -26.34914 -27.67329 -27.67329 -29.05514 -30.48466 -31.93382 -31.93382 -33.35449 -34.70703 -34.70703 -35.96138 -37.1046 -37.1046 -38.14414 -39.11295 -39.11295 -40.05637 -41.01551 -41.01551 -42.01743 -43.0528 -43.0528 -44.09006 -45.10738 -45.10738 -46.09837 -47.06999 -47.06999 -48.03677 -49.00756 -49.00756 -49.9886 -50.97758 -50.97758 -51.97553 -52.99312 -52.99312 -54.03339 -55.09333 -55.09333 -56.1622 -57.22756 -57.22756 -58.27954 -59.32258 -59.32258 -60.36049 -61.41021 -61.41021 -62.47939 -63.57772 -63.57772 -64.70935 -65.87902 -65.87902 -65.87902 -67.08649 -67.08649 -68.32833 -69.5973 -69.5973 -70.88415 -72.18825 -73.49043 -73.49043
-24.0342 -25.2715 -26.567 -26.567 -27.92219 -29.32284 -29.32284 -30.7406 -32.14079 -32.14079 -33.49119 -34.75993 -35.91984 -35.91984 -36.96275 -37.90688 -37.90688 -38.79344 -39.67728 -39.67728 -40.6147 -41.60062 -41.60062 -42.60142 -43.59502 -43.59502 -44.57398 -45.53828 -45.53828 -46.49334 -47.44638 -47.44638 -48.40182 -49.36116 -49.36116 -50.32637 -51.31533 -51.31533 -52.32871 -53.36461 -53.36461 -54.41084 -55.45483 -55.45483 -56.48971 -57.5152 -57.5152 -58.53472 -59.56147 -59.56147 -60.60636 -61.68814 -61.68814 -62.81154 -63.98098 -63.98098 -63.98098 -65.18916 -65.18916 -66.42776 -67.68938 -68.96954 -68.96954 -70.26855 -71.57669 -71.57669
-23.02258 -24.21745 -25.47731 -25.47731 -26.79656 -28.15829 -28.15829 -29.53712 -30.906 -30.906 -32.24338 -33.52144 -33.52144 -34.70744 -35.77083 -36.71164 -36.71164 -37.56164 -38.37893 -38.37893 -39.26866 -40.19622 -40.19622 -41.14767 -42.10672 -42.10672 -43.06952 -44.02746 -44.02746 -44.97669 -45.91738 -45.91738 -46.85064 -47.78148 -47.78148 -48.71712 -49.67291 -49.67291 -50.65344 -51.6629 -51.6629 -52.6827 -53.70248 -53.70248 -54.71723 -55.72517 -55.72517 -56.72887 -57.73774 -57.73774 -58.76497 -59.82851 -59.82851 -60.93872 -62.10408 -62.10408 -62.10408 -63.30909 -64.54225 -64.54225 -65.79656 -67.0697 -67.0697 -68.36366 -69.67439 -69.67439
-22.04596 -23.1938 -24.4126 -24.4126 -25.68905 -27.00266 -27.00266 -28.33222 -29.65933 -29.65933 -30.96896 -32.24201 -32.24201 -33.44733 -34.54912 -34.54912 -35.51765 -36.37581 -37.18176 -37.18176 -38.0122 -38.87438 -38.87438 -39.76325 -40.67213 -40.67213 -41.60625 -42.54881 -42.54881 -43.48914 -44.42016 -44.42016 -45.33817 -46.24604 -46.24604 -47.1558 -48.08184 -48.08184 -49.03122 -50.00605 -50.00605 -50.99548 -51.98751 -51.98751 -52.9803 -53.97063 -53.97063 -54.95974 -55.95368 -55.95368 -56.96617 -58.01469 -58.01469 -59.11194 -60.26257 -60.26257 -60.26257 -61.45675 -62.67841 -62.67841 -63.92192 -65.18431 -65.18431 -66.47002 -67.78056 -67.78056
-21.11007 -22.21018 -23.38518 -23.38518 -24.6151 -25.87531 -25.87531 -27.14672 -28.41843 -28.41843 -29.68328 -30.93062 -30.93062 -32.13711 -33.26976 -33.26976 -34.29121 -35.18627 -35.18627 -36.00518 -36.80809 -36.80809 -37.62594 -38.46458 -39.32478 -39.32478 -40.21081 -41.12002 -41.12002 -42.03753 -42.95536 -42.95536 -43.86013 -44.75156 -44.75156 -45.64075 -46.54101 -46.54101 -47.46093 -48.40118 -48.40118 -49.35645 -50.31696 -50.31696 -51.28661 -52.25865 -52.25865 -53.2338 -54.21413 -54.21413 -55.2119 -56.24451 -56.24451 -57.32631 -58.46071 -58.46071 -58.46071 -59.63802 -60.842 -60.842 -62.06971 -63.31512 -63.31512 -64.58553 -65.8894 -65.8894
-20.22474 -21.27998 -22.41115 -22.41115 -23.59343 -24.79856 -24.79856 -26.00719 -27.2135 -27.2135 -28.41795 -29.61728 -29.61728 -30.79939 -31.94285 -31.94285 -33.00462 -33.95982 -33.95982 -34.81565 -35.62475 -35.62475 -36.43085 -37.24176 -37.24176 -38.06307 -38.90218 -39.76189 -39.76189 -40.63789 -41.52948 -41.52948 -42.41531 -43.2902 -43.2902 -44.16248 -45.04266 -45.04266 -45.93617 -46.84228 -46.84228 -47.76229 -48.69245 -48.69245 -49.63561 -50.5864 -50.5864 -51.54786 -52.5149 -52.5149 -53.49723 -54.51241 -54.51241 -55.57557 -56.6916 -56.6916 -56.6916 -57.85144 -59.03952 -59.03952 -60.24722 -61.46942 -61.46942 -62.71525 -64.00247 -64.00247
-19.40273 -20.41738 -21.50666 -21.50666 -22.64158 -23.79278 -23.79278 -24.93937 -26.07709 -26.07709 -27.21295 -28.353 -28.353 -29.49188 -30.61258 -30.61258 -31.68876 -32.68631 -32.68631 -33.59676 -34.44805 -34.44805 -35.2711 -36.07893 -36.07893 -36.8765 -37.67637 -37.67637 -38.48887 -39.31721 -40.16079 -40.16079 -41.01104 -41.85933 -41.85933 -42.71296 -43.57536 -43.57536 -44.44863 -45.32381 -45.32381 -46.20977 -47.10666 -47.10666 -48.02008 -48.94815 -48.94815 -49.89221 -50.84542 -50.84542 -51.81321 -52.81091 -52.81091 -53.85442 -54.95175 -54.95175 -54.95175 -56.09536 -57.26942 -57.26942 -58.45951 -59.65931 -59.65931 -60.87516 -62.13663 -62.13663
-18.63763 -19.6298 -20.67898 -20.67898 -21.76865 -22.86969 -22.86969 -23.95909 -25.03144 -25.03144 -26.09744 -27.16988 -27.16988 -28.25358 -29.33687 -29.33687 -30.39977 -31.42154 -31.42154 -32.38039 -33.28094 -33.28094 -34.13691 -34.95777 -34.95777 -35.74698 -36.51891 -36.51891 -37.29129 -38.07145 -38.07145 -38.86226 -39.66224 -39.66224 -40.46839 -41.29321 -42.13232 -42.13232 -42.98469 -43.83757 -43.83757 -44.69388 -45.55447 -45.55447 -46.43357 -47.33096 -47.33096 -48.25046 -49.19157 -49.19157 -50.14842 -51.13345 -51.13345 -52.15982 -53.23982 -53.23982 -53.23982 -54.36996 -55.53415 -55.53415 -56.71365 -57.89769 -57.89769 -59.09243 -60.3254 -60.3254
-17.90475 -18.88589 -19.91055 -19.91055 -20.9658 -22.02562 -22.02562 -23.0662 -24.08132 -24.08132 -25.08199 -26.08674 -26.08674 -27.10751 -28.14409 -28.14409 -29.18212 -30.20313 -30.20313 -31.19158 -32.13042 -32.13042 -33.0178 -33.85653 -33.85653 -34.65056 -35.40654 -35.40654 -36.15131 -36.89019 -36.89019 -37.63071 -38.37974 -38.37974 -39.14144 -39.92379 -39.92379 -40.72832 -41.55595 -42.38474 -42.38474 -43.21012 -44.03642 -44.03642 -44.87711 -45.7353 -45.7353 -46.62053 -47.5413 -47.5413 -48.49441 -49.47763 -49.47763 -50.49268 -51.55959 -51.55959 -51.55959 -52.67905 -53.83905 -53.83905 -55.0192 -56.20189 -56.20189 -57.38998 -58.6085 -58.6085
-17.18816 -18.16906 -19.18146 -19.18146 -20.21335 -21.2418 -21.2418 -22.2433 -23.21113 -23.21113 -24.15575 -25.09782 -25.09782 -26.05597 -27.03866 -27.03866 -28.04194 -29.05 -29.05 -30.0435 -31.00289 -31.00289 -31.9108 -32.76281 -32.76281 -33.56186 -34.3165 -34.3165 -35.04573 -35.75536 -35.75536 -36.4557 -37.16224 -37.16224 -37.88403 -38.6273 -38.6273 -39.39383 -40.18155 -40.18155 -40.97706 -41.76701 -41.76701 -42.55657 -43.35611 -44.17599 -44.17599 -45.02437 -45.92145 -45.92145 -46.87016 -47.85199 -47.85199 -48.86301 -49.9199 -49.9199 -49.9199 -51.03069 -52.19029 -52.19029 -53.38073 -54.57722 -54.57722 -55.77474 -56.99451 -56.99451
-16.47802 -17.46321 -18.47026 -18.47026 -19.48812 -20.4891 -20.4891 -21.45938 -22.38997 -22.38997 -23.28914 -24.17735 -24.17735 -25.07756 -26.00547 -26.00547 -26.96544 -27.94832 -27.94832 -28.93385 -29.89752 -29.89752 -30.81414 -31.67271 -31.67271 -32.47402 -33.22825 -33.22825 -33.94798 -34.64185 -34.64185 -35.3148 -35.99355 -35.99355 -36.68782 -37.39762 -37.39762 -38.1256 -38.87141 -38.87141 -39.62693 -40.37845 -40.37845 -41.13251 -41.89264 -41.89264 -42.67545 -43.49677 -44.3764 -44.3764 -45.31161 -46.28696 -46.28696 -47.2899 -48.33421 -48.33421 -48.33421 -49.43597 -50.59494 -50.59494 -51.80096 -53.02095 -53.02095 -54.24092 -55.47752 -55.47752
-15.7767 -16.75705 -17.75004 -17.75004 -18.74733 -19.72956 -19.72956 -20.67605 -21.58005 -21.58005 -22.44461 -23.28908 -23.28908 -24.13897 -25.01513 -25.01513 -25.92904 -26.8776 -26.8776 -27.84357 -28.80062 -28.80062 -29.72066 -30.58017 -30.58017 -31.38009 -32.13062 -32.13062 -32.84115 -33.5217 -33.5217 -34.18318 -34.84911 -34.84911 -35.53481 -36.223 -36.223 -36.91584 -37.62069 -37.62069 -38.33867 -39.06307 -39.06307 -39.79258 -40.52281 -40.52281 -41.27279 -42.06587 -42.06587 -42.9285 -43.85011 -44.81044 -44.81044 -45.79631 -46.82059 -46.82059 -46.82059 -47.90922 -49.06763 -49.06763 -50.28349 -51.5276 -51.5276 -52.776 -54.03857 -54.03857
-15.10058 -16.05617 -17.01659 -17.01659 -17.98008 -18.9353 -18.9353 -19.8636 -20.74798 -20.74798 -21.58846 -22.39941 -22.39941 -23.20773 -24.03896 -24.03896 -24.90839 -25.81925 -25.81925 -26.7583 -27.70022 -27.70022 -28.61558 -29.47894 -29.47894 -30.27606 -31.02308 -31.02308 -31.72641 -32.39809 -32.39809 -33.05276 -33.7084 -33.7084 -34.4086 -35.08748 -35.08748 -35.75475 -36.42654 -36.42654 -37.11815 -37.83162 -37.83162 -38.56149 -39.28786 -39.28786 -40.00256 -40.75724 -40.75724 -41.59504 -42.49715 -42.49715 -43.43716 -44.40095 -44.40095 -45.39738 -45.39738 -46.46485 -47.61394 -47.61394 -48.83238 -50.09154 -50.09154 -51.36538 -52.65611 -52.65611
-14.4751 -15.37572 -16.2753 -16.2753 -17.18714 -18.10411 -18.10411 -19.00774 -19.87729 -19.87729 -20.70023 -21.48715 -21.48715 -22.26378 -23.05868 -23.05868 -23.89019 -24.7648 -24.7648 -25.67416 -26.59597 -26.59597 -27.50058 -28.36191 -28.36191 -29.16316 -29.91123 -29.91123 -30.61106 -31.28127 -31.28127 -31.94358 -32.61235 -32.61235 -33.30117 -33.97297 -33.97297 -34.62914 -35.27982 -35.27982 -35.95958 -36.67906 -36.67906 -37.43658 -38.19245 -38.19245 -38.88269 -39.59837 -39.59837 -40.39003 -41.26121 -41.26121 -42.1744 -43.11179 -43.11179 -44.08226 -44.08226 -45.11963 -46.24536 -46.24536 -47.45074 -48.71042 -48.71042 -49.99944 -51.31237 -51.31237
-13.91545 -14.72099 -15.53047 -15.53047 -16.3734 -17.24273 -17.24273 -18.11518 -18.9662 -18.9662 -19.77853 -20.54897 -20.54897 -21.30324 -22.07313 -22.07313 -22.8761 -23.71996 -23.71996 -24.60118 -25.50026 -25.50026 -26.39138 -27.24832 -27.24832 -28.05097 -28.79875 -28.79875 -29.50112 -30.17192 -30.17192 -30.84347 -31.52298 -31.52298 -32.20917 -32.87719 -32.87719 -33.52626 -34.17303 -34.17303 -34.85091 -35.58035 -35.58035 -36.37611 -37.18884 -37.18884 -37.85193 -38.54197 -38.54197 -39.30429 -40.13936 -40.13936 -41.02483 -41.93722 -41.93722 -42.88346 -42.88346 -43.89017 -44.97926 -44.97926 -46.15424 -47.39495 -47.39495 -48.68035 -50.00431 -50.00431
-13.38797 -14.06223 -14.77118 -14.77118 -15.54488 -16.36543 -16.36543 -17.20445 -18.03395 -18.03395 -18.83398 -19.59868 -19.59868 -20.33919 -21.0956 -21.0956 -21.88118 -22.70282 -22.70282 -23.55915 -24.43608 -24.43608 -25.3089 -26.15865 -26.15865 -26.95685 -27.699 -27.699 -28.39954 -29.07875 -29.07875 -29.76093 -30.4486 -30.4486 -31.14177 -31.81329 -31.81329 -32.46127 -33.10874 -33.10874 -33.78785 -34.51826 -34.51826 -35.3011 -36.09624 -36.09624 -36.81532 -37.53355 -37.53355 -38.29651 -39.11448 -39.11448 -39.97738 -40.87043 -40.87043 -41.79717 -41.79717 -42.77803 -43.83179 -43.83179 -44.96478 -46.1704 -46.1704 -47.43374 -48.75011 -48.75011
-12.67611 -13.3181 -13.3181 -13.98545 -14.71446 -14.71446 -15.49586 -16.30294 -17.11004 -17.11004 -17.89739 -18.65787 -18.65787 -19.39968 -20.14977 -20.14977 -20.92656 -21.73396 -21.73396 -22.57156 -23.42919 -23.42919 -24.2854 -25.11757 -25.11757 -25.90332 -26.63527 -26.63527 -27.33125 -28.01836 -28.01836 -28.71469 -29.41809 -29.41809 -30.11849 -30.79595 -30.79595 -31.44547 -32.09318 -32.09318 -32.77238 -33.50169 -33.50169 -34.27599 -35.06396 -35.06396 -35.82509 -36.57883 -36.57883 -37.35371 -38.16513 -38.16513 -39.01393 -39.89614 -39.89614 -40.81187 -40.81187 -41.77681 -42.80492 -42.80492 -43.90168 -45.06572 -45.06572 -46.2951 -47.58923 -47.58923
-11.99024 -12.59512 -12.59512 -13.23015 -13.9225 -13.9225 -14.66713 -15.4426 -15.4426 -16.22563 -17.00006 -17.75796 -17.75796 -18.50504 -19.257 -19.257 -20.02862 -20.82654 -20.82654 -21.64978 -22.48932 -22.48932 -23.32695 -24.13945 -24.13945 -24.90764 -25.62432 -25.62432 -26.31174 -27.00423 -27.00423 -27.71383 -28.43405 -28.43405 -29.14695 -29.83344 -29.83344 -30.4851 -31.12991 -31.12991 -31.80855 -32.53756 -32.53756 -33.31206 -34.10818 -34.10818 -34.90016 -35.68358 -35.68358 -36.47334 -37.28414 -37.28414 -38.12511 -39.00074 -39.00074 -39.91522 -39.91522 -40.87654 -41.89419 -41.89419 -42.96996 -44.10308 -44.10308 -45.29597 -46.55902 -46.55902
-11.39208 -11.95483 -11.95483 -12.55205 -13.20475 -13.20475 -13.90933 -14.64878 -14.64878 -15.40437 -16.16166 -16.16166 -16.91418 -17.6633 -17.6633 -18.4184 -19.18851 -19.98013 -19.98013 -20.79132 -21.61428 -21.61428 -22.4317 -23.2227 -23.2227 -23.97099 -24.67442 -24.67442 -25.3499 -26.0437 -26.0437 -26.76311 -27.49608 -27.49608 -28.22044 -28.91581 -28.91581 -29.57701 -30.21954 -30.21954 -30.89697 -31.62705 -31.62705 -32.40582 -33.21436 -33.21436 -34.03076 -34.84397 -34.84397 -35.65215 -36.47064 -36.47064 -37.31268 -38.18813 -38.18813 -39.10527 -39.10527 -40.07092 -41.09171 -41.09171 -42.16452 -43.28419 -43.28419 -44.45372 -45.68001 -45.68001
-10.88571 -11.40658 -11.40658 -11.96432 -12.57467 -12.57467 -13.23597 -13.9349 -13.9349 -14.65707 -15.39121 -15.39121 -16.13051 -16.8745 -16.8745 -17.62726 -18.39482 -18.39482 -19.18071 -19.9832 -20.79208 -20.79208 -21.59161 -22.36324 -22.36324 -23.09362 -23.78466 -23.78466 -24.45598 -25.14438 -25.14438 -25.86597 -26.60537 -26.60537 -27.33795 -28.04123 -28.04123 -28.71027 -29.36266 -29.36266 -30.0419 -30.77292 -30.77292 -31.55606 -32.37671 -32.37671 -33.21407 -34.05329 -34.05329 -34.88902 -35.72654 -35.72654 -36.58259 -37.46852 -37.46852 -38.39417 -38.39417 -39.36817 -40.39415 -40.39415 -41.47453 -42.59273 -42.59273 -43.74821 -44.94426 -44.94426
-10.44249 -10.92831 -10.92831 -11.45211 -12.02391 -12.02391 -12.64245 -13.29908 -13.29908 -13.98339 -14.68745 -14.68745 -15.40519 -16.1343 -16.1343 -16.87651 -17.63542 -17.63542 -18.41323 -19.20708 -19.20708 -20.00629 -20.79383 -21.55225 -21.55225 -22.272 -22.9562 -22.9562 -23.62568 -24.30994 -24.30994 -25.02495 -25.76434 -25.76434 -26.50229 -27.21617 -27.21617 -27.89824 -28.56498 -28.56498 -29.25134 -29.98367 -29.98367 -30.77011 -31.60118 -31.60118 -32.45825 -33.32378 -33.32378 -34.18967 -35.05776 -35.05776 -35.94125 -36.85009 -36.85009 -37.79196 -37.79196 -38.7774 -39.81202 -39.81202 -40.89532 -42.01734 -42.01734 -43.16821 -44.33549 -44.33549
-10.0401 -10.49507 -10.49507 -10.99227 -11.53246 -11.53246 -12.11278 -12.72803 -12.72803 -13.37317 -14.04277 -14.04277 -14.7323 -15.43815 -15.43815 -16.16111 -16.90371 -16.90371 -17.66814 -18.45113 -18.45113 -19.24197 -20.02346 -20.02346 -20.77715 -21.49359 -21.49359 -22.17736 -22.84687 -23.528 -23.528 -24.23713 -24.97224 -24.97224 -25.71483 -26.44172 -26.44172 -27.14275 -27.82885 -27.82885 -28.5295 -29.27051 -29.27051 -30.05958 -30.89994 -30.89994 -31.77626 -32.6697 -32.6697 -33.57012 -34.47617 -34.47617 -35.39326 -36.33405 -36.33405 -37.29785 -37.29785 -38.29611 -39.33685 -39.33685 -40.41837 -41.53835 -41.53835 -42.67477 -43.82751 -43.82751
-9.681386 -10.10218 -10.10218 -10.57225 -11.08451 -11.08451 -11.62926 -12.20516 -12.20516 -12.81123 -13.44558 -13.44558 -14.10367 -14.78186 -14.78186 -15.47922 -16.19899 -16.19899 -16.9437 -17.71149 -17.71149 -18.49233 -19.26926 -19.26926 -20.02404 -20.74387 -20.74387 -21.4319 -22.10462 -22.10462 -22.78518 -23.4911 -24.22464 -24.22464 -24.97283 -25.71566 -25.71566 -26.44015 -27.15134 -27.15134 -27.87537 -28.63822 -28.63822 -29.43784 -30.2825 -30.2825 -31.17617 -32.09632 -32.09632 -33.03297 -33.98217 -33.98217 -34.9419 -35.91146 -35.91146 -36.89814 -36.89814 -37.91337 -38.9644 -38.9644 -40.04911 -41.15967 -41.15967 -42.28223 -43.41627 -43.41627
-9.374134 -9.765605 -9.765605 -10.19722 -10.67522 -10.67522 -11.18104 -11.71627 -11.71627 -12.28408 -12.88364 -12.88364 -13.51099 -14.16067 -14.16067 -14.83079 -15.52396 -15.52396 -16.24408 -16.99145 -16.99145 -17.75792 -18.5281 -18.5281 -19.28325 -20.01008 -20.01008 -20.70578 -21.38473 -21.38473 -22.06886 -22.77643 -22.77643 -23.51343 -24.27137 -25.03342 -25.03342 -25.78475 -26.52467 -26.52467 -27.27847 -28.08043 -28.08043 -28.89727 -29.75223 -29.75223 -30.65315 -31.59353 -31.59353 -32.5619 -33.54951 -33.54951 -34.55 -35.54869 -35.54869 -36.56218 -36.56218 -37.59929 -38.66638 -38.66638 -39.75907 -40.86047 -40.86047 -41.97125 -43.08694 -44.22296
-9.113012 -9.481085 -9.481085 -9.881549 -10.30785 -10.30785 -10.76347 -11.25384 -11.25384 -11.78281 -12.34916 -12.34916 -12.94735 -13.57064 -13.57064 -14.21506 -14.88182 -14.88182 -15.57553 -16.29815 -16.29815 -17.04532 -17.80347 -17.80347 -18.55503 -19.28522 -19.28522 -19.99004 -20.67744 -20.67744 -21.36875 -22.08364 -22.08364 -22.83025 -23.6039 -23.6039 -24.39009 -25.17171 -25.17171 -25.94115 -26.72181 -27.57718 -27.57718 -28.40694 -29.27132 -29.27132 -30.18161 -31.13912 -31.13912 -32.13123 -33.14727 -33.14727 -34.17722 -35.21077 -35.21077 -36.25529 -36.25529 -37.31897 -38.40528 -38.40528 -39.50886 -40.60968 -41.71949 -41.71949 -42.82788 -43.94503
-8.878819 -9.221163 -9.221163 -9.58427 -9.966351 -9.966351 -10.37176 -10.81646 -10.81646 -11.30695 -11.8412 -11.8412 -12.41152 -13.01002 -13.01002 -13.63109 -14.27408 -14.27408 -14.94236 -15.63931 -15.63931 -16.36313 -17.10432 -17.10432 -17.84665 -18.57516 -18.57516 -19.28396 -19.98011 -19.98011 -20.68029 -21.40578 -21.40578 -22.16681 -22.96087 -22.96087 -23.77649 -24.59692 -24.59692 -25.40196 -26.21763 -26.21763 -27.07284 -27.93193 -28.81902 -28.81902 -29.74735 -30.71661 -30.71661 -31.72641 -32.76494 -32.76494 -33.82122 -34.88733 -34.88733 -35.95993 -35.95993 -37.051 -38.1583 -39.27361 -39.27361 -40.38587 -41.50669 -41.50669 -42.61862 -43.73101
-8.655701 -8.978072 -8.978072 -9.30698 -9.647517 -9.647517 -10.00947 -10.41134 -10.41134 -10.86528 -11.36787 -11.36787 -11.90949 -12.4819 -12.4819 -13.07981 -13.70089 -13.70089 -14.34632 -15.01908 -15.01908 -15.71923 -16.44057 -16.44057 -17.16993 -17.89259 -17.89259 -18.6011 -19.30096 -19.30096 -20.00835 -20.74356 -20.74356 -21.51905 -22.33275 -22.33275 -23.17349 -24.0266 -24.0266 -24.87571 -25.72559 -25.72559 -26.5954 -27.47852 -27.47852 -28.38763 -29.33287 -29.33287 -30.31571 -31.34234 -32.39856 -32.39856 -33.47655 -34.56975 -34.56975 -35.67018 -36.7944 -36.7944 -37.93106 -39.0678 -39.0678 -40.19644 -41.32314 -41.32314 -42.43581 -43.54675
-8.436011 -8.748182 -8.748182 -9.055814 -9.36682 -9.36682 -9.693762 -10.0555 -10.0555 -10.47357 -10.94419 -10.94419 -11.45339 -11.99469 -11.99469 -12.56552 -13.16339 -13.16339 -13.78743 -14.43842 -14.43842 -15.11719 -15.81995 -15.81995 -16.53623 -17.25236 -17.25236 -17.95934 -18.66064 -18.66064 -19.37138 -20.11064 -20.11064 -20.89615 -21.72583 -21.72583 -22.58789 -23.46933 -23.46933 -24.35674 -25.24461 -25.24461 -26.14308 -27.05258 -27.05258 -27.98525 -28.95034 -28.95034 -29.95072 -30.98696 -30.98696 -32.05558 -33.14843 -34.26113 -34.26113 -35.39152 -36.55616 -36.55616 -37.72869 -38.89283 -38.89283 -40.03655 -41.1573 -41.1573 -42.25903 -43.36177
-8.217058 -8.531446 -8.531446 -8.833431 -9.131563 -9.131563 -9.439327 -9.773601 -9.773601 -10.15123 -10.5861 -10.5861 -11.05604 -11.5586 -11.5586 -12.09512 -12.66524 -12.66524 -13.26611 -13.89674 -13.89674 -14.55699 -15.24502 -15.24502 -15.95248 -16.66578 -16.66578 -17.37427 -18.07847 -18.07847 -18.79243 -19.53433 -19.53433 -20.31957 -21.1595 -21.1595 -22.03676 -22.94345 -22.94345 -23.86652 -24.79437 -24.79437 -25.72268 -26.66057 -26.66057 -27.61753 -28.60374 -28.60374 -29.62188 -30.66756 -30.66756 -31.74936 -32.85741 -32.85741 -33.9896 -35.14883 -36.34463 -36.34463 -37.54907 -38.73875 -38.73875 -39.89294 -40.99732 -40.99732 -42.07772 -43.16444
