folder_3/sample_files/T1/000930.text
ncols         184
nrows         287
xllcorner     -128.7426372864
yllcorner     38.843218692398
cellsize      0.044946013315688
NODATA_value  -9999
[rows 145 to 173 of 287, columns 66 to 131 of 184]
-9999 -4.863142 -4.863142 -5.003279 -5.163123 -5.163123 -5.326314 -5.497339 -5.497339 -5.700868 -5.974568 -6.358895 -6.358895 -6.881485 -7.546375 -7.546375 -8.33176 -9.192368 -10.07178 -10.07178 -10.92305 -11.72484 -11.72484 -12.4956 -13.27815 -13.27815 -14.1212 -15.07014 -16.15535 -16.15535 -17.34693 -18.60409 -18.60409 -19.88728 -21.17182 -22.44913 -22.44913 -23.71506 -24.9668 -24.9668 -26.20474 -27.44897 -27.44897 -28.70824 -29.97696 -31.24108 -31.24108 -32.49644 -33.7406 -33.7406 -34.9775 -36.21681 -36.21681 -37.48215 -38.78034 -40.10258 -40.10258 -41.43763 -42.77916 -44.14369 -44.14369 -45.56846 -47.11908 -47.11908 -48.78843 -50.56519
-9999 -4.868263 -4.868263 -5.003131 -5.153007 -5.153007 -5.310472 -5.480183 -5.480183 -5.683221 -5.954225 -6.332247 -6.332247 -6.846974 -7.506043 -7.506043 -8.291649 -9.162615 -10.06497 -10.06497 -10.95139 -11.78851 -11.78851 -12.5851 -13.37854 -13.37854 -14.2156 -15.14477 -16.20641 -16.20641 -17.37183 -18.60599 -18.60599 -19.87398 -21.15224 -21.15224 -22.43341 -23.71171 -24.98046 -24.98046 -26.23779 -27.49289 -27.49289 -28.75403 -30.02057 -31.28449 -31.28449 -32.53297 -33.76153 -33.76153 -34.97809 -36.20121 -36.20121 -37.46293 -38.77854 -40.14309 -40.14309 -41.54334 -42.94933 -44.36087 -44.36087 -45.79739 -47.34045 -47.34045 -49.01196 -50.80996
-9999 -9999 -9999 -4.999396 -5.132761 -5.132761 -5.285194 -5.45986 -5.45986 -5.671148 -5.948237 -6.326344 -6.326344 -6.834571 -7.483647 -7.483647 -8.261051 -9.132561 -9.132561 -10.05004 -10.9681 -11.84566 -11.84566 -12.68077 -13.50068 -13.50068 -14.34522 -15.26103 -16.29856 -16.29856 -17.43261 -18.63601 -18.63601 -19.87962 -21.14123 -21.14123 -22.41492 -23.69459 -24.9718 -24.9718 -26.24173 -27.50458 -27.50458 -28.76658 -30.03101 -31.29516 -31.29516 -32.54131 -33.76237 -33.76237 -34.9665 -36.17609 -36.17609 -37.43302 -38.7624 -40.16638 -40.16638 -41.6328 -43.11005 -44.57907 -44.57907 -46.04471 -47.59437 -47.59437 -49.26963 -51.07983
-9999 -9999 -9999 -4.978867 -5.092815 -5.092815 -5.248329 -5.437035 -5.437035 -5.665269 -5.956594 -6.341877 -6.341877 -6.847424 -7.485219 -7.485219 -8.248348 -9.111513 -9.111513 -10.03578 -10.98083 -11.902 -11.902 -12.78631 -13.6479 -13.6479 -14.51429 -15.42201 -16.43003 -16.43003 -17.52523 -18.69098 -18.69098 -19.90452 -21.14547 -21.14547 -22.40697 -23.68259 -24.96294 -24.96294 -26.23994 -27.50751 -27.50751 -28.76923 -30.03059 -30.03059 -31.29283 -32.53902 -33.76015 -33.76015 -34.96191 -36.16489 -36.16489 -37.4166 -38.75077 -40.17924 -40.17924 -41.69606 -43.23471 -44.76138 -44.76138 -46.27132 -47.84554 -47.84554 -49.53431 -51.35399
-9999 -9999 -9999 -4.913016 -5.028068 -5.028068 -5.207684 -5.420158 -5.420158 -5.670801 -5.981002 -6.377686 -6.377686 -6.883845 -7.510606 -7.510606 -8.255229 -9.102065 -9.102065 -10.02389 -10.98862 -11.95207 -11.95207 -12.89109 -13.80541 -13.80541 -14.70819 -15.61377 -15.61377 -16.58625 -17.63719 -18.76142 -18.76142 -19.94278 -21.16351 -21.16351 -22.41298 -23.68322 -24.96435 -24.96435 -26.24529 -27.5159 -27.5159 -28.77621 -30.03285 -30.03285 -31.29007 -32.53702 -33.76497 -33.76497 -34.97586 -36.18456 -36.18456 -37.43521 -38.76576 -40.19812 -40.19812 -41.73807 -43.31499 -44.8878 -44.8878 -46.4472 -48.05592 -48.05592 -49.76298 -51.58869
-9999 -9999 -9999 -4.868541 -5.002755 -5.002755 -5.194407 -5.424917 -5.424917 -5.695969 -6.024667 -6.024667 -6.433273 -6.940572 -7.555993 -7.555993 -8.279162 -9.102808 -9.102808 -10.01218 -10.98576 -11.9831 -11.9831 -12.97231 -13.9374 -13.9374 -14.87571 -15.78893 -15.78893 -16.73698 -17.74942 -18.83481 -18.83481 -19.98573 -21.18889 -21.18889 -22.42822 -23.69365 -24.97484 -24.97484 -26.25863 -27.53178 -27.53178 -28.79067 -30.0414 -30.0414 -31.2912 -32.53927 -33.78045 -33.78045 -35.01328 -36.24485 -36.24485 -37.50536 -38.82936 -38.82936 -40.24669 -41.77784 -43.36159 -44.95884 -44.95884 -46.55962 -48.20286 -48.20286 -49.92933 -51.76117
-9999 -9999 -9999 -4.844288 -4.998606 -4.998606 -5.204925 -5.453278 -5.453278 -5.743502 -6.088961 -6.088961 -6.507751 -7.014813 -7.617431 -7.617431 -8.316689 -9.11178 -9.11178 -9.99937 -10.969 -11.98661 -11.98661 -13.01432 -14.02203 -14.02203 -14.99316 -15.92253 -15.92253 -16.8607 -17.84673 -18.90121 -18.90121 -20.02591 -21.21364 -21.21364 -22.44364 -23.70436 -23.70436 -24.98529 -26.27169 -27.54836 -27.54836 -28.8072 -30.05273 -30.05273 -31.2947 -32.54492 -33.80532 -33.80532 -35.07294 -36.34688 -36.34688 -37.63408 -38.95663 -38.95663 -40.3462 -41.83938 -43.397 -44.99134 -44.99134 -46.61538 -48.28512 -48.28512 -50.02896 -51.86856
-9999 -9999 -9999 -4.8293 -5.000951 -5.000951 -5.228593 -5.499576 -5.499576 -5.81069 -6.172033 -6.172033 -6.598927 -7.103615 -7.69176 -7.69176 -8.365519 -9.128838 -9.128838 -9.987694 -10.94188 -11.96479 -11.96479 -13.01662 -14.0565 -14.0565 -15.05686 -16.00872 -16.00872 -16.94997 -17.9226 -18.95564 -18.95564 -20.05874 -21.23069 -21.23069 -22.44888 -23.70246 -23.70246 -24.98211 -26.27159 -27.55423 -27.55423 -28.8167 -30.06009 -30.06009 -31.29619 -32.55022 -33.8344 -33.8344 -35.14696 -36.4802 -36.4802 -37.8131 -39.14662 -39.14662 -40.5033 -41.93732 -43.44219 -45.00827 -45.00827 -46.63343 -48.31732 -48.31732 -50.07466 -51.92332
-9999 -9999 -9999 -4.817153 -5.004669 -5.004669 -5.259444 -5.558623 -5.558623 -5.893256 -6.270127 -6.270127 -6.703004 -7.203269 -7.775897 -7.775897 -8.424049 -9.155118 -9.155118 -9.98214 -10.9135 -10.9135 -11.92981 -12.99155 -14.05253 -14.05253 -15.0773 -16.05352 -16.05352 -17.00664 -17.97671 -18.9966 -18.9966 -20.08118 -21.23383 -21.23383 -22.43379 -23.67445 -23.67445 -24.94991 -26.24337 -27.53699 -27.53699 -28.80992 -30.05708 -30.05708 -31.29066 -32.54996 -32.54996 -33.85912 -35.22039 -36.62132 -36.62132 -38.01375 -39.37427 -39.37427 -42.06639 -42.06639 -43.50515 -45.0267 -45.0267 -46.63548 -48.3218 -48.3218 -50.08829 -51.94659
-9999 -9999 -9999 -4.807136 -4.807136 -5.009004 -5.292796 -5.623866 -5.623866 -5.984359 -6.376801 -6.376801 -6.814161 -7.308603 -7.865899 -7.865899 -8.490284 -9.191511 -9.191511 -9.987633 -10.89421 -10.89421 -11.897 -12.95797 -14.02904 -14.02904 -15.07127 -16.06936 -16.06936 -17.03836 -18.01287 -19.0248 -19.0248 -20.0909 -21.2173 -21.2173 -22.38914 -23.60766 -23.60766 -24.87397 -26.17258 -27.48507 -27.48507 -28.77916 -30.03926 -30.03926 -31.27504 -32.53989 -32.53989 -33.87057 -35.27529 -36.7388 -36.7388 -38.1886 -39.57831 -39.57831 -42.20062 -42.20062 -43.57878 -45.05336 -45.05336 -46.63815 -48.32051 -48.32051 -50.09361 -51.96204
-9999 -9999 -9999 -4.800086 -4.800086 -5.01473 -5.326108 -5.688286 -5.688286 -6.074807 -6.482741 -6.482741 -6.924003 -7.41258 -7.956442 -7.956442 -8.56099 -9.237297 -9.237297 -10.00671 -10.89124 -10.89124 -11.87862 -12.93194 -14.00389 -14.00389 -15.05526 -16.06915 -16.06915 -17.05341 -18.03525 -18.03525 -19.04135 -20.08646 -21.17749 -21.17749 -22.30911 -23.49392 -23.49392 -24.74388 -26.04924 -27.39116 -27.39116 -28.72029 -30.0052 -30.0052 -31.24953 -32.51963 -32.51963 -33.86492 -35.30085 -36.81175 -36.81175 -38.30732 -39.72425 -39.72425 -42.31562 -42.31562 -43.65145 -45.08907 -45.08907 -46.65369 -48.33263 -48.33263 -50.11257 -51.99266
-9999 -9999 -9999 -4.797375 -4.797375 -5.022948 -5.358024 -5.745109 -5.745109 -6.153228 -6.575104 -6.575104 -7.02069 -7.505446 -7.505446 -8.040031 -8.631048 -9.289444 -9.289444 -10.03801 -10.90623 -10.90623 -11.87964 -12.9219 -13.98762 -13.98762 -15.03984 -16.0617 -16.0617 -17.05794 -18.04751 -18.04751 -19.04825 -20.06939 -21.11663 -21.11663 -22.19662 -23.33589 -23.33589 -24.56082 -25.87332 -27.25668 -27.25668 -28.63538 -29.9576 -29.9576 -31.21789 -32.49338 -32.49338 -33.84566 -35.29805 -36.83723 -36.83723 -38.36324 -39.80355 -39.80355 -42.40131 -42.40131 -43.71833 -45.13679 -45.13679 -46.69385 -48.37578 -48.37578 -50.16554 -52.05923
-9999 -9999 -9999 -4.799517 -4.799517 -5.033284 -5.386408 -5.786822 -5.786822 -6.207419 -6.638905 -6.638905 -7.088904 -7.573566 -7.573566 -8.105389 -8.691515 -9.341467 -9.341467 -10.07528 -10.93389 -10.93389 -11.89688 -12.92677 -13.98121 -13.98121 -15.02727 -16.04943 -16.04943 -17.05364 -18.05103 -18.05103 -19.04814 -20.04537 -21.04528 -21.04528 -22.06776 -23.15432 -23.15432 -24.34688 -25.66324 -25.66324 -27.09776 -28.53559 -29.90382 -29.90382 -31.18662 -32.46825 -32.46825 -33.82131 -35.27743 -36.82697 -36.82697 -38.36954 -39.82969 -39.82969 -42.4648 -42.4648 -43.7865 -45.20665 -45.20665 -46.77269 -48.46711 -48.46711 -50.27069 -52.17921
-9999 -9999 -9999 -4.804724 -4.804724 -5.040696 -5.403051 -5.801884 -5.801884 -6.224669 -6.659579 -6.659579 -7.111887 -7.5987 -7.5987 -8.133709 -8.724152 -9.378127 -9.378127 -10.10549 -10.9628 -10.9628 -11.92001 -12.93736 -12.93736 -13.97677 -15.01125 -16.02784 -16.02784 -17.03729 -18.0443 -18.0443 -19.04283 -20.02213 -20.97987 -20.97987 -21.94925 -22.98758 -22.98758 -24.15204 -25.4733 -25.4733 -26.94914 -28.44061 -29.85436 -29.85436 -31.16226 -32.45087 -32.45087 -33.8008 -35.25204 -36.79977 -36.79977 -38.34949 -39.8282 -39.8282 -42.52634 -42.52634 -43.87361 -45.31468 -45.31468 -46.90446 -48.61994 -50.44017 -50.44017 -52.362
-9999 -9999 -9999 -4.808315 -4.808315 -5.031106 -5.376493 -5.773704 -5.773704 -6.195149 -6.628191 -6.628191 -7.07766 -7.560656 -7.560656 -8.094249 -8.690018 -9.357018 -9.357018 -10.10908 -10.98059 -10.98059 -11.93669 -12.94022 -12.94022 -13.9606 -14.97898 -15.98635 -15.98635 -17.00119 -18.02248 -18.02248 -19.03131 -20.00456 -20.9335 -20.9335 -21.86349 -22.86538 -22.86538 -24.00932 -25.33424 -25.33424 -26.83631 -28.3669 -29.81766 -29.81766 -31.14848 -32.44399 -32.44399 -33.78927 -35.23156 -35.23156 -36.77168 -38.3254 -39.82503 -39.82503 -42.60836 -42.60836 -43.99754 -45.47363 -45.47363 -47.09559 -48.83619 -50.67223 -50.67223 -52.60182
-9999 -9999 -9999 -4.81528 -4.81528 -5.019084 -5.336881 -5.336881 -5.715949 -6.124855 -6.549244 -6.549244 -6.993635 -7.475615 -7.475615 -8.015487 -8.627552 -9.320049 -9.320049 -10.10172 -10.98795 -10.98795 -11.93922 -12.9227 -12.9227 -13.91749 -14.91501 -15.91143 -15.91143 -16.93515 -17.97855 -17.97855 -19.0093 -19.99167 -19.99167 -20.90998 -21.81871 -22.79918 -22.79918 -23.93039 -25.25597 -25.25597 -26.76907 -28.32146 -29.7966 -29.7966 -31.14445 -32.44558 -32.44558 -33.78626 -35.21923 -35.21923 -36.75155 -38.31069 -39.83625 -39.83625 -42.72399 -42.72399 -44.16551 -45.68235 -45.68235 -47.33463 -49.09733 -50.94343 -50.94343 -52.87205
-9999 -9999 -9999 -4.827802 -4.827802 -5.009941 -5.293095 -5.293095 -5.640729 -6.025515 -6.434486 -6.434486 -6.872787 -7.359495 -7.359495 -7.915724 -8.555617 -9.282011 -9.282011 -10.09283 -10.98715 -10.98715 -11.92365 -12.87613 -12.87613 -13.83558 -14.80622 -15.79213 -15.79213 -16.83142 -17.90678 -17.90678 -18.9716 -19.97799 -19.97799 -20.90384 -21.80929 -22.78258 -22.78258 -23.90781 -25.23103 -25.23103 -26.74306 -28.30161 -29.78797 -29.78797 -31.14547 -32.44998 -32.44998 -33.78699 -35.21262 -35.21262 -36.73997 -38.3081 -39.86429 -39.86429 -42.869 -42.869 -44.36713 -45.92032 -45.92032 -47.58833 -49.35791 -51.2044 -51.2044 -53.12779
-9999 -9999 -9999 -4.844265 -4.844265 -5.004173 -5.248761 -5.248761 -5.556581 -5.909219 -6.297943 -6.297943 -6.729953 -7.225762 -7.225762 -7.806591 -8.482535 -8.482535 -9.247492 -10.0855 -10.98026 -10.98026 -11.89115 -12.80055 -12.80055 -13.71318 -14.64932 -15.62691 -15.62691 -16.6914 -17.80835 -17.80835 -18.91659 -19.95816 -19.95816 -20.90559 -21.82179 -22.7987 -22.7987 -23.92265 -25.24082 -25.24082 -26.74344 -28.2964 -28.2964 -29.78323 -31.14365 -32.44987 -32.44987 -33.7849 -35.20628 -35.20628 -36.73219 -38.3118 -39.90001 -39.90001 -43.02174 -43.02174 -44.57489 -46.15408 -46.15408 -47.81849 -49.57722 -51.41436 -51.41436 -53.32894
-9999 -9999 -9999 -4.862109 -4.862109 -5.000863 -5.207191 -5.207191 -5.47211 -5.788035 -6.153566 -6.153566 -6.579425 -7.08694 -7.08694 -7.696213 -8.411961 -8.411961 -9.216995 -10.0803 -10.97108 -10.97108 -11.85017 -12.70926 -12.70926 -13.56748 -14.4618 -15.43352 -15.43352 -16.53235 -17.69538 -17.69538 -18.85004 -19.93126 -19.93126 -20.90782 -21.84294 -22.82925 -22.82925 -23.95333 -25.26295 -25.26295 -26.75027 -28.28965 -28.28965 -29.76978 -31.12911 -32.43744 -32.43744 -33.77396 -35.19505 -35.19505 -36.72205 -38.31291 -39.92934 -39.92934 -43.14983 -43.14983 -44.74429 -46.33905 -46.33905 -47.99139 -49.7291 -51.55122 -51.55122 -53.45492
-9999 -9999 -9999 -4.87884 -4.87884 -4.999364 -5.171143 -5.171143 -5.395234 -5.6742 -6.015411 -6.015411 -6.434593 -6.954147 -6.954147 -7.591913 -8.346569 -8.346569 -9.190149 -10.07752 -10.96509 -10.96509 -11.8145 -12.62703 -12.62703 -13.43747 -14.29892 -14.29892 -15.26743 -16.39004 -17.58988 -17.58988 -18.78421 -19.90195 -19.90195 -20.90818 -21.86437 -22.86097 -22.86097 -23.98299 -25.27863 -25.27863 -26.74381 -28.26298 -28.26298 -29.73224 -31.09042 -32.40515 -32.40515 -33.74948 -35.17578 -35.17578 -36.7058 -38.30551 -38.30551 -39.9427 -43.23507 -43.23507 -44.85672 -46.459 -46.459 -48.09651 -49.8102 -51.61522 -51.61522 -53.50809
-9999 -9999 -9999 -4.892748 -4.892748 -4.998999 -5.143168 -5.143168 -5.332313 -5.578298 -5.578298 -5.896614 -6.308667 -6.838281 -6.838281 -7.500984 -8.289736 -8.289736 -9.167368 -10.0772 -10.96577 -10.96577 -11.79418 -12.57213 -12.57213 -13.34777 -14.18742 -14.18742 -15.15391 -16.28739 -17.50922 -17.50922 -18.7311 -19.87724 -19.87724 -20.90882 -21.88383 -22.88765 -22.88765 -24.00204 -25.27542 -25.27542 -26.70898 -28.20005 -28.20005 -29.65524 -31.01597 -32.34591 -32.34591 -33.70826 -35.14762 -35.14762 -36.6834 -38.28944 -38.28944 -39.93935 -43.27673 -43.27673 -44.91459 -46.52048 -46.52048 -48.14457 -49.83617 -51.62455 -51.62455 -53.50824
-9999 -9999 -9999 -4.903003 -4.903003 -4.999182 -5.124191 -5.124191 -5.287239 -5.507163 -5.507163 -5.806871 -6.212427 -6.749067 -6.749067 -7.430627 -8.245467 -8.245467 -9.149634 -10.07843 -10.97178 -10.97178 -11.78973 -12.54746 -12.54746 -13.30279 -14.13024 -14.13024 -15.09468 -16.22913 -17.45958 -17.45958 -18.69676 -19.86235 -19.86235 -20.91357 -21.90313 -21.90313 -22.90914 -24.00827 -25.249 -25.249 -26.63878 -28.0915 -28.0915 -29.52835 -30.89738 -32.25488 -32.25488 -33.64856 -35.11132 -35.11132 -36.65757 -38.26918 -38.26918 -39.92583 -43.28617 -43.28617 -44.9331 -46.5413 -48.15574 -48.15574 -49.83043 -51.60428 -51.60428 -53.48087
-9999 -9999 -9999 -4.90963 -4.90963 -4.999496 -5.113453 -5.113453 -5.260285 -5.463155 -5.463155 -5.750526 -6.151939 -6.692919 -6.692919 -7.386003 -8.216755 -8.216755 -9.137371 -10.07872 -10.07872 -10.97726 -11.7925 -12.54277 -12.54277 -13.29039 -14.11358 -14.11358 -15.07665 -16.20697 -17.43724 -17.43724 -18.68065 -19.85855 -19.85855 -20.92513 -21.92564 -21.92564 -22.92911 -24.00585 -25.20399 -25.20399 -26.53766 -27.94064 -27.94064 -29.35282 -30.73552 -32.13342 -32.13342 -33.57188 -35.06879 -35.06879 -36.63205 -38.25076 -38.25076 -39.91105 -43.27927 -43.27927 -44.93055 -46.54091 -48.15008 -48.15008 -49.81366 -51.57609 -51.57609 -53.44746
-9999 -9999 -9999 -4.913218 -4.913218 -4.999733 -5.108954 -5.108954 -5.248427 -5.443545 -5.443545 -5.726102 -6.126904 -6.670686 -6.670686 -7.368325 -8.203934 -8.203934 -9.129146 -10.07377 -10.07377 -10.9736 -11.78932 -12.54064 -12.54064 -13.29072 -14.11683 -14.11683 -15.08091 -16.20671 -17.43304 -17.43304 -18.67767 -19.86375 -19.86375 -20.94378 -21.95366 -21.95366 -22.95224 -24.0028 -25.15298 -25.15298 -26.423 -27.76827 -27.76827 -29.14888 -30.54734 -30.54734 -31.99428 -33.48575 -35.02394 -35.02394 -36.60992 -38.23837 -38.23837 -39.90168 -43.26955 -43.26955 -44.92212 -46.53385 -48.14091 -48.14091 -49.79819 -51.55249 -51.55249 -53.42025
-9999 -9999 -9999 -9999 -4.914548 -4.999833 -5.108398 -5.108398 -5.247066 -5.442125 -5.442125 -5.7267 -6.130843 -6.67657 -6.67657 -7.372784 -8.202976 -8.202976 -9.12058 -10.05768 -10.05768 -10.95114 -11.76679 -12.5245 -12.5245 -13.28466 -14.1207 -14.1207 -15.09043 -16.21517 -16.21517 -17.43818 -18.68248 -19.87474 -19.87474 -20.96771 -21.98703 -21.98703 -22.98129 -24.00687 -25.11107 -25.11107 -26.31987 -27.61113 -27.61113 -28.96428 -30.37477 -30.37477 -31.86336 -33.40392 -34.98285 -34.98285 -36.59327 -38.23316 -38.23316 -39.89983 -43.26435 -43.26435 -44.9163 -46.52823 -48.13435 -48.13435 -49.78835 -51.53737 -51.53737 -53.40263
-9999 -9999 -9999 -9999 -4.914358 -4.999788 -5.110112 -5.110112 -5.251987 -5.451825 -5.451825 -5.742786 -6.152583 -6.699219 -6.699219 -7.388458 -8.204161 -8.204161 -9.103344 -10.02241 -10.02241 -10.9007 -11.71419 -12.48228 -12.48228 -13.25962 -14.11294 -14.11294 -15.09471 -16.22419 -16.22419 -17.44722 -18.69188 -19.88912 -19.88912 -20.9937 -22.02206 -22.02206 -23.01383 -24.01954 -25.08597 -25.08597 -26.24395 -27.49162 -27.49162 -28.82427 -30.24348 -30.24348 -31.76094 -33.33877 -34.95114 -34.95114 -36.5831 -38.2338 -38.2338 -39.90391 -43.26508 -43.26508 -44.91554 -46.52645 -48.13159 -48.13159 -49.78354 -51.52934 -51.52934 -53.39294
-9999 -9999 -9999 -9999 -9999 -4.913199 -4.999694 -5.113198 -5.113198 -5.260427 -5.467079 -5.765352 -5.765352 -6.180056 -6.724524 -7.400832 -7.400832 -8.193552 -9.065001 -9.957763 -9.957763 -10.81422 -11.62508 -11.62508 -12.40847 -13.21051 -14.08903 -14.08903 -15.09019 -16.23096 -17.45867 -17.45867 -18.7052 -19.90565 -21.01757 -21.01757 -22.05142 -23.04087 -23.04087 -24.03238 -25.07204 -26.19332 -26.19332 -27.41155 -28.73247 -30.15911 -30.15911 -31.69397 -33.29589 -34.93156 -34.93156 -36.57932 -38.23817 -39.91084 -39.91084 -41.59291 -41.59291 -43.2696 -43.2696 -44.91838 -46.52789 -46.52789 -48.13168 -49.78186 -51.52544 -51.52544
-9999 -9999 -9999 -9999 -9999 -4.911486 -4.99968 -5.117546 -5.117546 -5.27115 -5.484644 -5.788381 -5.788381 -6.20403 -6.740654 -7.396541 -7.396541 -8.157811 -8.992929 -9.853306 -9.853306 -10.68655 -11.49904 -11.49904 -12.30485 -13.13954 -14.05079 -14.05079 -15.07798 -16.23589 -17.47252 -17.47252 -18.72215 -19.92267 -21.03388 -21.03388 -22.06497 -23.04795 -23.04795 -24.02804 -25.05084 -26.15026 -26.15026 -27.35436 -28.67427 -30.11068 -30.11068 -31.65694 -33.27343 -34.9234 -34.9234 -36.58085 -38.24456 -39.91829 -39.91829 -41.59967 -41.59967 -43.27489 -43.27489 -44.92216 -46.53056 -48.13329 -48.13329 -49.782 -51.52383 -51.52383
-9999 -9999 -9999 -9999 -9999 -4.909652 -4.999794 -5.123025 -5.123025 -5.283667 -5.503243 -5.809407 -5.809407 -6.220704 -6.742414 -7.370011 -7.370011 -8.091373 -8.882059 -8.882059 -9.705196 -10.51951 -11.3436 -11.3436 -12.18084 -13.05512 -14.00441 -14.00441 -15.06177 -16.23978 -17.4874 -17.4874 -18.73992 -19.93581 -21.03527 -21.03527 -22.05119 -23.01867 -23.01867 -23.98532 -24.99739 -26.08809 -26.08809 -27.29404 -28.62579 -30.07839 -30.07839 -31.63676 -33.26417 -34.92336 -34.92336 -36.58635 -38.25207 -38.25207 -39.92517 -41.60527 -41.60527 -43.27876 -43.27876 -44.92461 -46.53254 -48.13512 -48.13512 -49.78332 -51.52402 -51.52402
