folder_3/sample_files/T1/000930.text
ncols         184
nrows         287
xllcorner     -128.7426372864
yllcorner     38.843218692398
cellsize      0.044946013315688
NODATA_value  -9999
[rows 116 to 144 of 287, columns 66 to 131 of 184]
-5.002258 -5.156113 -5.325005 -5.494429 -5.494429 -5.679132 -5.91978 -5.91978 -6.254213 -6.684397 -6.684397 -7.168064 -7.641524 -8.055487 -8.055487 -8.403296 -8.722604 -8.722604 -9.074883 -9.515064 -10.07707 -10.07707 -10.77323 -11.55949 -11.55949 -12.40576 -13.29838 -13.29838 -14.23257 -15.21293 -16.25626 -16.25626 -17.33041 -18.41814 -18.41814 -19.50954 -20.59401 -20.59401 -21.71137 -22.85874 -24.02487 -24.02487 -25.20687 -26.42056 -26.42056 -27.63864 -28.84905 -30.04965 -30.04965 -31.24933 -32.46164 -32.46164 -33.70239 -34.97773 -34.97773 -36.27594 -36.27594 -37.5769 -37.5769 -38.85492 -40.0991 -41.32221 -41.32221 -42.55354 -43.83897 -43.83897
-5.002628 -5.149192 -5.315477 -5.490782 -5.490782 -5.685528 -5.93493 -5.93493 -6.273329 -6.703619 -6.703619 -7.186528 -7.659896 -8.07266 -8.07266 -8.415546 -8.726507 -8.726507 -9.070971 -9.510798 -10.08621 -10.08621 -10.81266 -11.63811 -11.63811 -12.52339 -13.44664 -13.44664 -14.39801 -15.38004 -16.42518 -16.42518 -17.50967 -18.61744 -18.61744 -19.73305 -20.83482 -20.83482 -21.95151 -23.08492 -24.22498 -24.22498 -25.36558 -26.53094 -26.53094 -27.70246 -28.87418 -30.05102 -30.05102 -31.2495 -32.47259 -32.47259 -33.73107 -35.03024 -35.03024 -36.36203 -36.36203 -37.68943 -37.68943 -38.97939 -40.22142 -41.43911 -41.43911 -42.66048 -43.93277 -43.93277
-4.999584 -5.132714 -5.298377 -5.485905 -5.485905 -5.698712 -5.963413 -5.963413 -6.309473 -6.739715 -6.739715 -7.218464 -7.68739 -8.096113 -8.096113 -8.433187 -8.734856 -8.734856 -9.069338 -9.50548 -9.50548 -10.09116 -10.84701 -11.71541 -11.71541 -12.64778 -13.61208 -13.61208 -14.58973 -15.56741 -16.59227 -16.59227 -17.66417 -18.77364 -18.77364 -19.90561 -21.03755 -21.03755 -22.17881 -23.32651 -24.46826 -24.46826 -25.58129 -26.70033 -26.70033 -27.82209 -28.94592 -28.94592 -30.08474 -31.26543 -32.48696 -32.48696 -33.75803 -35.08356 -35.08356 -36.45815 -36.45815 -37.8269 -37.8269 -39.14549 -40.39726 -41.61736 -41.61736 -42.83741 -44.10367 -44.10367
-4.979632 -5.096328 -5.27105 -5.27105 -5.481075 -5.719997 -6.005987 -6.005987 -6.362374 -6.791881 -6.791881 -7.263325 -7.723889 -8.125991 -8.125991 -8.456762 -8.749609 -8.749609 -9.072821 -9.500555 -9.500555 -10.08941 -10.86747 -11.77412 -11.77412 -12.75131 -13.75462 -13.75462 -14.75398 -15.72737 -16.72707 -16.72707 -17.7734 -18.86933 -18.86933 -20.00715 -21.17076 -21.17076 -22.34838 -23.52649 -24.68795 -24.68795 -25.80395 -26.90633 -26.90633 -27.99898 -29.08477 -29.08477 -30.18299 -31.33399 -32.54092 -32.54092 -33.81446 -35.16063 -35.16063 -36.5762 -36.5762 -37.99052 -37.99052 -39.34852 -40.61599 -41.84497 -41.84497 -43.07556 -44.35067 -44.35067
-4.912185 -5.033502 -5.240396 -5.240396 -5.483636 -5.753675 -6.063544 -6.063544 -6.430441 -6.857025 -6.857025 -7.317616 -7.766479 -8.160389 -8.160389 -8.485935 -8.772419 -8.772419 -9.085205 -9.500271 -9.500271 -10.08221 -10.86979 -11.80265 -11.80265 -12.81512 -13.85039 -13.85039 -14.86705 -15.83893 -15.83893 -16.81683 -17.83421 -18.90807 -18.90807 -20.0415 -21.22775 -21.22775 -22.43963 -23.65308 -24.84702 -24.84702 -25.99548 -27.1179 -27.1179 -28.21571 -29.28987 -29.28987 -30.35733 -31.47418 -32.65617 -32.65617 -33.91909 -35.27098 -35.27098 -36.71064 -36.71064 -38.15519 -38.15519 -39.5419 -40.83076 -42.07891 -42.07891 -43.33418 -44.63751 -44.63751
-4.866096 -5.009488 -5.238093 -5.238093 -5.507565 -5.80474 -6.136063 -6.136063 -6.509641 -6.928902 -6.928902 -7.374707 -7.809262 -7.809262 -8.194881 -8.518478 -8.804443 -8.804443 -9.111611 -9.512257 -9.512257 -10.07643 -10.85844 -11.80164 -11.80164 -12.83638 -13.89555 -13.89555 -14.92768 -15.90374 -15.90374 -16.86829 -17.86152 -18.91173 -18.91173 -20.03337 -21.22904 -21.22904 -22.46423 -23.70779 -24.93732 -24.93732 -26.1347 -27.30347 -27.30347 -28.43829 -29.53445 -29.53445 -30.59066 -31.67944 -32.83483 -32.83483 -34.07724 -35.41602 -35.41602 -36.85283 -36.85283 -38.30063 -38.30063 -39.69556 -41 -42.26888 -42.26888 -43.55309 -44.89248 -44.89248
-4.843804 -5.009963 -5.260967 -5.260967 -5.55044 -5.869003 -6.218712 -6.218712 -6.591771 -6.997269 -6.997269 -7.424646 -7.843855 -7.843855 -8.222836 -8.54989 -8.844748 -8.844748 -9.156742 -9.546497 -9.546497 -10.08284 -10.84501 -11.78305 -11.78305 -12.82638 -13.90171 -13.90171 -14.94941 -15.93658 -15.93658 -16.89923 -17.87914 -18.9114 -18.9114 -20.01957 -21.21395 -21.21395 -22.45798 -23.71888 -23.71888 -24.97534 -26.2183 -27.43723 -27.43723 -28.61914 -29.75241 -29.75241 -30.82764 -31.91474 -33.05759 -33.05759 -34.28064 -35.59178 -35.59178 -36.99716 -36.99716 -38.41877 -38.41877 -39.79816 -41.10405 -42.38552 -42.38552 -43.69329 -45.069 -45.069
-4.83536 -5.018052 -5.290712 -5.290712 -5.593313 -5.92931 -6.298848 -6.298848 -6.661406 -7.047001 -7.047001 -7.454709 -7.860248 -7.860248 -8.236176 -8.572948 -8.887543 -8.887543 -9.219901 -9.610023 -9.610023 -10.11011 -10.84245 -10.84245 -11.76379 -12.80454 -13.88859 -13.88859 -14.95201 -15.95803 -15.95803 -16.93203 -17.91328 -18.9389 -18.9389 -20.03802 -21.22696 -21.22696 -22.46845 -23.73041 -23.73041 -24.99546 -26.2636 -27.51637 -27.51637 -28.73676 -29.90981 -29.90981 -31.02542 -32.13752 -33.28895 -33.28895 -34.50491 -35.78502 -35.78502 -37.13836 -37.13836 -38.51279 -38.51279 -39.85827 -41.15031 -42.43105 -42.43105 -43.75078 -45.15519 -45.15519
-4.831095 -5.015766 -5.28703 -5.28703 -5.603955 -5.961419 -6.35091 -6.35091 -6.691185 -7.057754 -7.057754 -7.451342 -7.849148 -7.849148 -8.227127 -8.577812 -8.917697 -8.917697 -9.282747 -9.691121 -9.691121 -10.1537 -10.85888 -10.85888 -11.76063 -12.79159 -13.87793 -13.87793 -14.95607 -15.98792 -15.98792 -16.9867 -17.9853 -19.01924 -19.01924 -20.11899 -21.30518 -21.30518 -22.53825 -23.78739 -23.78739 -25.03946 -26.3031 -27.56051 -27.56051 -28.79697 -29.9989 -29.9989 -31.15983 -32.31072 -32.31072 -33.48425 -34.70177 -35.95861 -35.95861 -37.26694 -37.26694 -38.59307 -39.89933 -39.89933 -41.16915 -42.43774 -42.43774 -43.75584 -45.17526 -45.17526
-4.831829 -5.011191 -5.267626 -5.267626 -5.574592 -5.919326 -5.919326 -6.285564 -6.638883 -7.011141 -7.011141 -7.405808 -7.805788 -7.805788 -8.191879 -8.55717 -8.913739 -8.913739 -9.285942 -9.69625 -9.69625 -10.18838 -10.89921 -10.89921 -11.78982 -12.80744 -13.88952 -13.88952 -14.9792 -16.04129 -16.04129 -17.07616 -18.10744 -18.10744 -19.16557 -20.27816 -21.46827 -21.46827 -22.69324 -23.92185 -23.92185 -25.14284 -26.37303 -27.60268 -27.60268 -28.82666 -30.03653 -30.03653 -31.23099 -32.41927 -32.41927 -33.62025 -34.84897 -36.10088 -36.10088 -37.38495 -37.38495 -38.67767 -39.95269 -39.95269 -41.20198 -42.45415 -42.45415 -43.76 -45.17829 -45.17829
-4.83591 -5.005955 -5.235926 -5.235926 -5.517301 -5.837839 -5.837839 -6.183306 -6.540878 -6.921592 -6.921592 -7.324265 -7.733789 -7.733789 -8.134696 -8.521301 -8.904338 -8.904338 -9.30341 -9.744241 -9.744241 -10.27295 -10.99284 -10.99284 -11.87154 -12.87007 -13.93958 -13.93958 -15.03412 -16.12563 -16.12563 -17.20191 -18.27672 -18.27672 -19.37281 -20.50936 -21.70951 -21.70951 -22.93167 -24.14182 -24.14182 -25.32241 -26.49932 -27.67663 -27.67663 -28.8637 -30.05779 -30.05779 -31.26455 -32.47756 -32.47756 -33.7038 -34.95213 -36.22076 -36.22076 -37.50619 -37.50619 -38.78786 -40.04776 -40.04776 -41.28707 -42.52718 -42.52718 -43.81715 -45.22078 -45.22078
-4.836478 -4.996096 -5.190666 -5.190666 -5.441505 -5.738063 -5.738063 -6.067015 -6.422318 -6.807571 -6.807571 -7.218503 -7.640389 -7.640389 -8.060245 -8.475425 -8.475425 -8.897242 -9.346296 -9.846312 -9.846312 -10.42184 -11.14714 -11.14714 -12.01238 -12.98843 -14.03786 -14.03786 -15.12716 -16.23937 -16.23937 -17.35165 -18.47042 -18.47042 -19.61124 -20.77801 -21.98996 -21.98996 -23.21712 -24.42196 -24.42196 -25.56619 -26.68709 -27.80439 -27.80439 -28.94551 -30.10619 -30.10619 -31.30247 -32.52158 -32.52158 -33.7648 -35.03698 -36.33906 -36.33906 -37.64813 -37.64813 -38.94036 -40.20259 -40.20259 -41.44558 -42.6847 -42.6847 -43.96407 -45.34666 -45.34666
-4.819936 -4.967716 -5.125816 -5.125816 -5.354104 -5.633987 -5.633987 -5.950573 -6.30055 -6.685646 -6.685646 -7.101383 -7.533864 -7.533864 -7.971815 -8.415989 -8.415989 -8.879488 -9.38237 -9.944756 -9.944756 -10.58115 -11.33282 -11.33282 -12.19837 -13.15847 -14.18579 -14.18579 -15.25829 -16.37363 -16.37363 -17.50302 -18.64846 -18.64846 -19.82018 -21.01589 -22.24467 -22.24467 -23.48229 -24.69164 -24.69164 -25.82664 -26.91894 -26.91894 -27.99314 -29.10069 -30.21985 -30.21985 -31.38719 -32.59379 -32.59379 -33.84177 -35.13507 -36.4769 -36.4769 -37.82267 -37.82267 -39.14038 -40.41581 -40.41581 -41.67188 -42.92307 -42.92307 -44.20532 -45.57033 -45.57033
-4.775813 -4.897932 -5.041736 -5.041736 -5.269107 -5.541705 -5.541705 -5.848509 -6.19069 -6.571109 -6.571109 -6.986273 -7.424305 -7.424305 -7.875373 -8.342749 -8.342749 -8.842196 -9.394207 -10.01664 -10.01664 -10.72136 -11.51938 -11.51938 -12.40541 -13.36456 -13.36456 -14.37566 -15.42181 -16.51709 -16.51709 -17.63763 -18.78484 -18.78484 -19.96677 -21.18139 -22.42606 -22.42606 -23.67746 -24.90285 -24.90285 -26.06198 -27.17227 -27.17227 -28.25523 -29.34103 -30.41573 -30.41573 -31.54307 -32.72367 -32.72367 -33.96401 -35.26887 -36.64302 -36.64302 -38.02388 -38.02388 -39.37109 -40.65973 -40.65973 -41.92916 -43.20171 -43.20171 -44.50482 -45.86501 -47.35938
-4.738866 -4.855053 -5.004819 -5.004819 -5.220671 -5.480505 -5.480505 -5.774564 -6.105315 -6.105315 -6.476804 -6.885948 -7.323415 -7.323415 -7.780813 -8.263163 -8.263163 -8.789148 -9.380905 -10.05656 -10.05656 -10.82805 -11.68211 -11.68211 -12.60391 -13.57781 -13.57781 -14.58508 -15.60132 -16.65617 -16.65617 -17.74542 -18.8724 -18.8724 -20.04525 -21.26532 -22.51944 -22.51944 -23.78371 -25.03143 -25.03143 -26.23462 -27.39225 -27.39225 -28.51079 -29.60366 -30.66527 -30.66527 -31.76173 -32.91597 -32.91597 -34.14087 -35.44306 -35.44306 -36.82828 -38.22363 -38.22363 -39.58296 -40.87875 -40.87875 -42.15837 -43.45157 -43.45157 -44.78135 -46.1605 -47.65249
-4.717547 -4.838259 -4.997538 -4.997538 -5.204487 -5.4514 -5.4514 -5.732061 -6.049825 -6.049825 -6.409762 -6.80967 -7.241345 -7.241345 -7.69928 -8.189154 -8.189154 -8.731386 -9.351168 -10.06811 -10.06811 -10.89388 -11.79991 -11.79991 -12.76062 -13.7546 -13.7546 -14.76122 -15.75476 -16.77145 -16.77145 -17.82279 -18.91875 -18.91875 -20.07067 -21.28419 -21.28419 -22.53851 -23.81028 -25.07823 -25.07823 -26.32656 -27.53984 -27.53984 -28.70996 -29.83665 -30.91518 -30.91518 -32.00779 -33.14984 -33.14984 -34.36067 -35.64701 -35.64701 -37.01594 -38.39782 -38.39782 -39.74626 -41.03589 -41.03589 -42.31636 -43.62303 -43.62303 -44.97978 -46.39688 -47.9145
-9999 -4.833695 -4.998751 -4.998751 -5.203101 -5.442419 -5.442419 -5.713538 -6.020569 -6.020569 -6.369446 -6.759506 -7.183634 -7.183634 -7.63812 -8.130393 -8.130393 -8.680932 -9.316443 -9.316443 -10.05874 -10.91929 -11.86326 -11.86326 -12.85654 -13.8704 -13.8704 -14.8806 -15.86373 -16.85522 -16.85522 -17.87557 -18.94118 -18.94118 -20.06845 -21.26787 -21.26787 -22.51457 -23.7856 -25.06435 -25.06435 -26.34334 -27.60276 -27.60276 -28.82477 -29.99897 -31.11974 -31.11974 -32.23582 -33.38561 -33.38561 -34.59199 -35.85637 -35.85637 -37.18591 -38.53193 -38.53193 -39.85168 -41.12326 -41.12326 -42.39428 -43.70441 -43.70441 -45.08299 -46.54704 -48.11086
-9999 -4.832957 -5.000136 -5.000136 -5.204823 -5.441317 -5.441317 -5.70751 -6.007965 -6.007965 -6.348821 -6.73075 -7.148162 -7.148162 -7.598703 -8.090667 -8.090667 -8.644176 -9.285713 -9.285713 -10.03793 -10.9121 -11.87555 -11.87555 -12.89071 -13.92246 -13.92246 -14.9425 -15.93012 -16.91362 -16.91362 -17.9166 -18.96015 -18.96015 -20.06519 -21.24715 -21.24715 -22.48038 -23.74255 -25.01986 -25.01986 -26.30885 -27.59365 -27.59365 -28.85498 -30.07609 -30.07609 -31.25009 -32.40555 -33.5752 -33.5752 -34.78171 -36.02477 -36.02477 -37.31524 -38.6215 -38.6215 -39.90852 -41.15901 -41.15901 -42.41514 -43.72074 -43.72074 -45.11322 -46.62196 -48.24097
-9999 -4.833913 -4.833913 -5.000475 -5.204261 -5.439233 -5.439233 -5.703107 -6.000609 -6.000609 -6.337265 -6.71436 -7.127719 -7.127719 -7.576077 -8.06786 -8.06786 -8.622074 -9.263396 -9.263396 -10.01408 -10.88548 -11.85221 -11.85221 -12.87803 -13.92524 -13.92524 -14.96201 -15.96795 -15.96795 -16.96065 -17.96178 -18.99407 -18.99407 -20.08202 -21.24604 -21.24604 -22.46166 -23.70777 -24.97225 -24.97225 -26.25241 -27.54077 -27.54077 -28.82238 -30.07892 -30.07892 -31.301 -32.49828 -33.69282 -33.69282 -34.90469 -36.13583 -36.13583 -37.39976 -38.6767 -38.6767 -39.94027 -41.1779 -41.1779 -42.42336 -43.7218 -43.7218 -45.11993 -46.6617 -48.33157
-9999 -4.835873 -4.835873 -5.000356 -5.201023 -5.432878 -5.432878 -5.694418 -5.990017 -5.990017 -6.325266 -6.701078 -7.113857 -7.113857 -7.563375 -8.05732 -8.05732 -8.612762 -9.251597 -9.251597 -9.994863 -10.8543 -11.81351 -11.81351 -12.84144 -13.9016 -13.9016 -14.96047 -15.99614 -15.99614 -17.01356 -18.02764 -19.05895 -19.05895 -20.13405 -21.27946 -21.27946 -22.47314 -23.69683 -24.94013 -24.94013 -26.1993 -27.47519 -27.47519 -28.75904 -30.03477 -30.03477 -31.2911 -32.52367 -33.74327 -33.74327 -34.96605 -36.19907 -36.19907 -37.45407 -38.7196 -38.7196 -39.97713 -41.21892 -41.21892 -42.46645 -43.76241 -43.76241 -45.16035 -46.71786 -48.42101
-9999 -4.83836 -4.83836 -5.00037 -5.196538 -5.422797 -5.422797 -5.679669 -5.972485 -5.972485 -6.306951 -6.684386 -6.684386 -7.100905 -7.555994 -8.05619 -8.05619 -8.61587 -9.253296 -9.253296 -9.987896 -10.8331 -11.77936 -11.77936 -12.80319 -13.87327 -13.87327 -14.9573 -16.03079 -16.03079 -17.08564 -18.12635 -19.1666 -19.1666 -20.23123 -21.35469 -21.35469 -22.52036 -23.71575 -24.93287 -24.93287 -26.16748 -27.42406 -27.42406 -28.69855 -29.97931 -29.97931 -31.25517 -32.51328 -33.75574 -33.75574 -34.9945 -36.24171 -36.24171 -37.50408 -38.77588 -38.77588 -40.0462 -41.31232 -41.31232 -42.58027 -43.88461 -43.88461 -45.2802 -46.83518 -48.54618
-9999 -4.84082 -4.84082 -5.000587 -5.192141 -5.411243 -5.411243 -5.660519 -5.948038 -5.948038 -6.281247 -6.662189 -6.662189 -7.087107 -7.554002 -8.066606 -8.066606 -8.635475 -9.274645 -9.274645 -10.00218 -10.83494 -11.76584 -11.76584 -12.77996 -13.85474 -13.85474 -14.96277 -16.0784 -16.0784 -17.18035 -18.26053 -19.32095 -19.32095 -20.377 -21.47308 -21.47308 -22.60387 -23.76573 -23.76573 -24.95521 -26.16911 -27.40845 -27.40845 -28.67046 -29.94839 -29.94839 -31.23408 -32.51041 -33.773 -33.773 -35.03068 -36.29987 -36.29987 -37.57995 -38.86904 -38.86904 -40.16426 -41.4697 -41.4697 -42.77538 -44.10302 -45.49843 -45.49843 -47.03651 -48.73059
-9999 -4.843016 -4.843016 -5.000843 -5.188155 -5.39967 -5.39967 -5.63933 -5.918924 -5.918924 -6.249635 -6.635742 -6.635742 -7.074186 -7.560696 -8.094658 -8.094658 -8.680473 -9.32633 -9.32633 -10.04873 -10.87084 -10.87084 -11.78388 -12.78123 -13.85174 -13.85174 -14.97656 -16.13184 -16.13184 -17.28492 -18.41436 -19.50897 -19.50897 -20.56123 -21.62755 -21.62755 -22.72186 -23.84921 -23.84921 -25.01289 -26.21462 -27.44454 -27.44454 -28.6978 -29.97196 -29.97196 -31.26461 -32.5555 -33.83648 -33.83648 -35.11349 -36.40602 -36.40602 -37.70575 -39.01331 -39.01331 -40.3331 -41.67856 -41.67856 -43.02943 -44.39448 -45.79568 -45.79568 -47.313 -48.97644
-9999 -4.844995 -4.844995 -5.001109 -5.18439 -5.18439 -5.38837 -5.617604 -5.887305 -5.887305 -6.214233 -6.606819 -6.606819 -7.063915 -7.57906 -8.145924 -8.145924 -8.760055 -9.420666 -9.420666 -10.13982 -10.94925 -10.94925 -11.83847 -12.80943 -13.86317 -13.86317 -14.99138 -16.17529 -16.17529 -17.37312 -18.55004 -19.68113 -19.68113 -20.74569 -21.79983 -21.79983 -22.87022 -23.97153 -23.97153 -25.1159 -26.3145 -27.54414 -27.54414 -28.79556 -30.06922 -30.06922 -31.37016 -32.67484 -32.67484 -33.9722 -35.26564 -36.57622 -36.57622 -37.89036 -39.20885 -39.20885 -40.53949 -41.90627 -41.90627 -43.28925 -44.68822 -46.10921 -46.10921 -47.62185 -49.26058
-9999 -4.846883 -4.846883 -5.001425 -5.180948 -5.180948 -5.377306 -5.595843 -5.8546 -5.8546 -6.176218 -6.575561 -6.575561 -7.054978 -7.606668 -8.218433 -8.218433 -8.875235 -9.563416 -9.563416 -10.28248 -11.07271 -11.07271 -11.92899 -12.86241 -13.88546 -13.88546 -15.00057 -16.1961 -16.1961 -17.42527 -18.6426 -18.6426 -19.81242 -20.90819 -21.97589 -21.97589 -23.04584 -24.13893 -24.13893 -25.27484 -26.47672 -27.71245 -27.71245 -28.96804 -30.24429 -30.24429 -31.55366 -32.87037 -32.87037 -34.18099 -35.48339 -36.8002 -36.8002 -38.11826 -39.43743 -39.43743 -40.75899 -42.11787 -42.11787 -43.50967 -44.93157 -46.38287 -46.38287 -47.90871 -49.53534
-9999 -4.848782 -4.848782 -5.001733 -5.17788 -5.17788 -5.366717 -5.574266 -5.821272 -5.821272 -6.135844 -6.540064 -6.540064 -7.041607 -7.632972 -7.632972 -8.296771 -9.008076 -9.739681 -9.739681 -10.46585 -11.23026 -11.23026 -12.04656 -12.93456 -13.91593 -13.91593 -15.00307 -16.19205 -16.19205 -17.43667 -18.68508 -18.68508 -19.89473 -21.03775 -22.14448 -22.14448 -23.24124 -24.34963 -24.34963 -25.49016 -26.69701 -27.94065 -27.94065 -29.20389 -30.482 -30.482 -31.79313 -33.11498 -33.11498 -34.43316 -35.73348 -37.04024 -37.04024 -38.34785 -39.6527 -39.6527 -40.95123 -42.28622 -42.28622 -43.66814 -45.10072 -46.58693 -46.58693 -48.14104 -49.77404
-9999 -4.851037 -4.851037 -5.001986 -5.174967 -5.174967 -5.356627 -5.553154 -5.787704 -5.787704 -6.09303 -6.498177 -6.498177 -7.016736 -7.643147 -7.643147 -8.355301 -9.118591 -9.892879 -9.892879 -10.63994 -11.39156 -11.39156 -12.17382 -13.0173 -13.95318 -13.95318 -15.00335 -16.17181 -16.17181 -17.41638 -18.68484 -18.68484 -19.93121 -21.12774 -22.2891 -22.2891 -23.43413 -24.58045 -24.58045 -25.7382 -26.9477 -26.9477 -28.19772 -29.46971 -30.74565 -30.74565 -32.0448 -33.35625 -33.35625 -34.66595 -35.95589 -37.24803 -37.24803 -38.5404 -39.82731 -39.82731 -41.10314 -42.41119 -42.41119 -43.77426 -45.20757 -46.72598 -46.72598 -48.31695 -49.97597
-9999 -4.854082 -4.854082 -5.002348 -5.171866 -5.171866 -5.346869 -5.532911 -5.754899 -5.754899 -6.049112 -6.450287 -6.450287 -6.977668 -7.628682 -7.628682 -8.378508 -9.185061 -9.999021 -9.999021 -10.77694 -11.53248 -11.53248 -12.29484 -13.1032 -13.99746 -13.99746 -15.00885 -16.14944 -16.14944 -17.38244 -18.65841 -18.65841 -19.9317 -21.17529 -22.39065 -22.39065 -23.5872 -24.77518 -24.77518 -25.95898 -27.17722 -27.17722 -28.43119 -29.70519 -30.97668 -30.97668 -32.25978 -33.55021 -33.55021 -34.83891 -36.11295 -37.39219 -37.39219 -38.6752 -39.95444 -39.95444 -41.22366 -42.51679 -42.51679 -43.8633 -45.29163 -46.83327 -46.83327 -48.46115 -50.16019
-9999 -4.858114 -4.858114 -5.002856 -5.16839 -5.16839 -5.337189 -5.51425 -5.725071 -5.725071 -6.007776 -6.401131 -6.401131 -6.929074 -7.592323 -7.592323 -8.366624 -9.205734 -10.05516 -10.05516 -10.86936 -11.64306 -11.64306 -12.40186 -13.18933 -13.18933 -14.05161 -15.02809 -16.13972 -16.13972 -17.35397 -18.6256 -18.6256 -19.91139 -21.18541 -22.44121 -22.44121 -23.67997 -24.90459 -24.90459 -26.11685 -27.34783 -27.34783 -28.60467 -29.87649 -31.14321 -31.14321 -32.41066 -33.67669 -33.67669 -34.93906 -36.19567 -36.19567 -37.46605 -38.75135 -40.04226 -40.04226 -41.33066 -42.63301 -42.63301 -43.97698 -45.40068 -46.95293 -46.95293 -48.60873 -50.35099
