folder_3/sample_files/T1/000930.text
ncols         184
nrows         287
xllcorner     -128.7426372864
yllcorner     38.843218692398
cellsize      0.044946013315688
NODATA_value  -9999
[rows 87 to 115 of 287, columns 66 to 131 of 184]
-8.002809 -8.326878 -8.326878 -8.636419 -8.937454 -8.937454 -9.241818 -9.564566 -9.564566 -9.918065 -10.30303 -10.30303 -10.72326 -11.17888 -11.17888 -11.67469 -12.21127 -12.21127 -12.78533 -13.39403 -13.39403 -14.03721 -14.71435 -14.71435 -15.41894 -16.13682 -16.13682 -16.85364 -17.56573 -17.56573 -18.28493 -19.03057 -19.03057 -19.81737 -20.65365 -20.65365 -21.53886 -22.46387 -22.46387 -23.41601 -24.37887 -24.37887 -25.34046 -26.31022 -26.31022 -27.29253 -28.29898 -28.29898 -29.33226 -30.391 -30.391 -31.49064 -32.61221 -32.61221 -33.75875 -34.93715 -36.14882 -36.14882 -37.37463 -38.58469 -38.58469 -39.74689 -40.83426 -40.83426 -41.89467 -42.97017
-7.798203 -8.134691 -8.134691 -8.4578 -8.769998 -8.769998 -9.079235 -9.394831 -9.394831 -9.726002 -10.07269 -10.07269 -10.44482 -10.85161 -10.85161 -11.30443 -11.80523 -11.80523 -12.34926 -12.93313 -12.93313 -13.55785 -14.2255 -14.2255 -14.932 -15.66206 -15.66206 -16.39595 -17.12294 -17.12294 -17.85033 -18.5971 -18.5971 -19.38106 -20.21148 -20.21148 -21.10101 -22.04032 -22.04032 -23.01765 -24.01488 -24.01488 -25.01419 -26.0117 -26.0117 -27.02064 -28.05212 -28.05212 -29.10717 -30.1828 -30.1828 -31.28895 -32.41065 -32.41065 -33.55534 -34.7341 -35.94424 -35.94424 -37.18022 -38.40545 -38.40545 -39.57778 -40.65992 -40.65992 -41.71488 -42.79292
-7.607923 -7.607923 -7.954037 -8.290361 -8.615675 -8.615675 -8.931931 -9.246304 -9.246304 -9.56399 -9.887459 -9.887459 -10.2085 -10.56711 -10.56711 -10.98013 -11.44735 -11.44735 -11.96164 -12.51858 -12.51858 -13.12208 -13.7786 -13.7786 -14.48827 -15.23551 -15.23551 -15.99394 -16.74409 -16.74409 -17.4841 -18.23387 -18.23387 -19.01391 -19.83986 -19.83986 -20.72367 -21.67145 -21.67145 -22.66817 -23.6956 -23.6956 -24.73208 -25.75874 -25.75874 -26.80075 -27.86573 -27.86573 -28.9492 -30.04151 -30.04151 -31.14065 -32.24296 -32.24296 -33.36287 -34.51869 -35.71196 -35.71196 -36.94962 -38.18606 -38.18606 -39.37253 -40.47049 -40.47049 -41.54224 -42.64043
-7.43597 -7.43597 -7.785803 -8.129642 -8.129642 -8.463778 -8.786018 -9.097064 -9.097064 -9.399899 -9.695983 -9.695983 -9.989495 -10.31281 -10.31281 -10.69601 -11.13623 -11.13623 -11.6241 -12.15469 -12.15469 -12.73486 -13.37737 -13.37737 -14.08805 -14.85318 -14.85318 -15.6403 -16.41916 -16.41916 -17.17854 -17.93248 -17.93248 -18.70646 -19.52184 -19.52184 -20.39513 -21.34653 -21.34653 -22.35475 -23.40345 -23.40345 -24.47173 -25.53452 -25.53452 -26.62091 -27.72925 -27.72925 -28.8467 -29.95387 -29.95387 -31.03684 -32.10442 -32.10442 -33.18031 -34.29238 -35.45864 -35.45864 -36.69434 -37.93883 -37.93883 -39.14065 -40.27517 -40.27517 -41.38373 -42.51529
-7.28564 -7.28564 -7.631779 -7.975818 -7.975818 -8.311628 -8.635836 -8.635836 -8.944585 -9.238461 -9.238461 -9.517246 -9.792288 -10.09032 -10.09032 -10.45199 -10.87136 -10.87136 -11.33722 -11.84368 -11.84368 -12.40041 -13.02676 -13.02676 -13.73499 -14.51486 -14.51486 -15.33043 -16.14004 -16.14004 -16.92245 -17.68465 -17.68465 -18.45376 -19.25888 -19.25888 -20.12196 -21.06143 -21.06143 -22.0686 -23.12843 -23.12843 -24.22063 -25.32907 -25.32907 -26.47099 -27.62948 -27.62948 -28.78359 -29.90552 -29.90552 -30.97175 -32.002 -32.002 -33.03111 -34.09821 -35.23453 -35.23453 -36.4595 -37.71005 -37.71005 -38.9332 -40.1062 -40.1062 -41.25309 -42.41953
-7.157866 -7.157866 -7.494133 -7.830489 -7.830489 -8.161895 -8.48362 -8.48362 -8.792315 -9.084377 -9.084377 -9.361761 -9.635269 -9.635269 -9.925184 -10.25581 -10.65312 -10.65312 -11.09962 -11.58516 -11.58516 -12.12004 -12.72982 -12.72982 -13.43278 -14.22275 -14.22275 -15.06173 -15.9003 -15.9003 -16.7055 -17.47729 -17.47729 -18.2424 -19.03623 -19.03623 -19.88672 -20.80705 -20.80705 -21.81007 -22.88269 -22.88269 -24.00374 -25.15866 -25.15866 -26.35169 -27.55696 -27.55696 -28.74609 -29.88416 -29.88416 -30.94081 -31.9431 -31.9431 -32.93484 -33.96546 -35.07512 -35.07512 -36.28465 -37.53675 -37.53675 -38.77895 -39.98362 -39.98362 -41.16023 -42.35398
-7.051175 -7.051175 -7.372584 -7.695797 -7.695797 -8.016756 -8.332777 -8.332777 -8.641445 -8.938427 -8.938427 -9.222413 -9.499207 -9.499207 -9.78075 -10.09304 -10.09304 -10.47571 -10.90589 -10.90589 -11.37428 -11.89104 -12.48525 -12.48525 -13.18202 -13.97712 -13.97712 -14.83316 -15.69403 -15.69403 -16.51807 -17.29726 -17.29726 -18.05619 -18.83456 -18.83456 -19.66822 -20.57279 -20.57279 -21.58077 -22.67454 -22.67454 -23.83024 -25.02888 -25.02888 -26.26321 -27.50536 -27.50536 -28.72387 -29.87969 -29.87969 -30.93847 -31.92861 -31.92861 -32.89935 -33.9067 -34.99648 -34.99648 -36.19022 -37.4388 -37.4388 -38.69084 -39.91438 -39.91438 -41.10831 -42.31937
-6.9588 -6.9588 -7.264717 -7.570781 -7.570781 -7.877265 -8.184819 -8.184819 -8.492302 -8.796872 -8.796872 -9.092545 -9.38007 -9.38007 -9.670105 -9.983359 -9.983359 -10.34021 -10.7499 -10.7499 -11.20312 -11.70613 -11.70613 -12.2878 -12.97779 -13.77542 -13.77542 -14.64148 -15.5174 -15.5174 -16.35402 -17.13698 -17.13698 -17.88721 -18.64656 -18.64656 -19.45915 -20.35938 -20.35938 -21.38726 -22.51085 -22.51085 -23.70249 -24.93848 -24.93848 -26.20222 -27.46962 -27.46962 -28.7103 -29.88492 -29.88492 -30.95782 -31.95381 -31.95381 -32.92182 -33.92043 -34.99897 -34.99897 -36.18068 -37.4211 -37.4211 -38.67103 -39.89815 -39.89815 -41.09745 -42.31759
-6.871721 -6.871721 -7.163094 -7.451914 -7.451914 -7.742152 -8.038175 -8.038175 -8.342925 -8.655073 -8.655073 -8.964603 -9.268579 -9.268579 -9.572081 -9.889802 -9.889802 -10.22311 -10.61786 -10.61786 -11.06093 -11.55524 -11.55524 -12.12868 -12.81249 -12.81249 -13.61017 -14.48239 -15.36738 -15.36738 -16.21229 -16.99793 -16.99793 -17.74265 -18.49059 -18.49059 -19.29354 -20.19875 -20.19875 -21.24603 -22.39723 -22.39723 -23.6191 -24.88253 -24.88253 -26.16407 -27.44591 -27.44591 -28.70193 -29.89601 -29.89601 -30.99352 -32.01199 -32.01199 -32.99535 -34.00007 -35.07647 -35.07647 -36.25172 -37.48064 -37.48064 -38.71703 -39.93303 -39.93303 -41.12791 -42.35209
-6.780645 -6.780645 -7.059465 -7.333336 -7.333336 -7.607394 -7.89115 -7.89115 -8.191164 -8.507154 -8.507154 -8.830152 -9.14879 -9.14879 -9.460405 -9.774711 -9.774711 -10.10392 -10.49988 -10.49988 -10.93953 -11.42973 -11.42973 -11.99819 -12.67763 -12.67763 -13.4736 -14.3493 -14.3493 -15.24143 -16.09422 -16.09422 -16.88561 -17.63223 -18.37945 -18.37945 -19.18428 -20.09947 -20.09947 -21.16166 -22.33278 -22.33278 -23.57449 -24.85356 -24.85356 -26.14246 -27.43034 -27.43034 -28.69692 -29.91124 -29.91124 -31.04181 -32.09741 -32.09741 -33.11327 -34.1394 -35.22348 -35.22348 -36.39733 -37.61275 -37.61275 -38.82693 -40.01992 -40.01992 -41.20275 -42.42755
-6.677207 -6.677207 -6.947307 -7.20948 -7.20948 -7.470108 -7.741998 -7.741998 -8.03566 -8.354046 -8.354046 -8.688073 -9.022615 -9.022615 -9.350817 -9.677988 -9.677988 -10.01978 -10.40636 -10.40636 -10.83855 -11.32407 -11.32407 -11.88951 -12.56532 -12.56532 -13.35924 -14.23709 -14.23709 -15.13681 -16.00082 -16.00082 -16.80467 -17.56226 -17.56226 -18.31869 -19.13218 -20.05747 -20.05747 -21.12889 -22.30998 -22.30998 -23.55984 -24.84291 -24.84291 -26.13087 -27.41921 -27.41921 -28.69332 -29.92851 -29.92851 -31.09768 -32.20185 -32.20185 -33.26603 -34.3302 -35.43268 -35.43268 -36.60848 -37.81081 -37.81081 -38.99979 -40.16244 -40.16244 -41.32674 -42.54794
-6.557339 -6.557339 -6.822827 -7.077868 -7.077868 -7.328913 -7.590761 -7.590761 -7.878615 -8.197389 -8.197389 -8.540846 -8.892647 -8.892647 -9.241917 -9.591726 -9.591726 -9.951256 -10.32579 -10.32579 -10.74905 -11.23265 -11.23265 -11.79699 -12.47051 -12.47051 -13.2622 -14.1423 -14.1423 -15.05176 -15.93258 -15.93258 -16.75736 -17.53598 -17.53598 -18.30947 -19.13454 -19.13454 -20.06648 -21.14086 -22.3214 -22.3214 -23.56741 -24.84386 -24.84386 -26.12416 -27.4087 -27.4087 -28.68801 -29.94288 -29.94288 -31.15145 -32.3092 -32.3092 -33.43201 -34.54948 -35.68199 -35.68199 -36.86253 -38.05797 -38.05797 -39.22829 -40.36012 -40.36012 -41.50127 -42.71368
-6.422735 -6.422735 -6.686423 -6.938864 -6.938864 -7.185177 -7.440522 -7.440522 -7.722811 -8.041276 -8.041276 -8.391275 -8.756706 -8.756706 -9.124096 -9.491477 -9.491477 -9.86387 -10.23332 -10.23332 -10.6604 -11.14982 -11.14982 -11.71825 -12.39114 -12.39114 -13.18056 -14.06312 -14.06312 -14.98485 -15.88905 -15.88905 -16.74411 -17.55394 -17.55394 -18.35245 -19.19073 -19.19073 -20.12398 -21.19322 -21.19322 -22.36197 -23.59235 -23.59235 -24.85271 -26.11998 -27.39699 -27.39699 -28.67794 -29.94799 -29.94799 -31.18998 -32.39557 -32.39557 -33.57285 -34.74156 -35.91295 -35.91295 -37.11297 -38.31712 -38.31712 -39.48703 -40.5963 -40.5963 -41.71569 -42.91733
-6.279642 -6.279642 -6.542949 -6.796262 -6.796262 -7.041871 -7.294774 -7.294774 -7.574034 -7.891239 -7.891239 -8.244917 -8.61907 -8.61907 -8.996466 -9.36947 -9.36947 -9.741459 -10.12278 -10.12278 -10.57238 -11.07796 -11.07796 -11.65452 -12.32828 -12.32828 -13.11496 -13.99928 -13.99928 -14.93481 -15.86764 -15.86764 -16.76226 -17.61397 -17.61397 -18.44662 -19.30179 -19.30179 -20.23124 -21.28476 -21.28476 -22.42945 -23.63277 -23.63277 -24.86863 -26.11824 -26.11824 -27.38458 -28.66287 -29.94082 -29.94082 -31.20481 -32.4451 -32.4451 -33.66415 -34.87473 -36.08554 -36.08554 -37.31284 -38.53505 -38.53505 -39.7155 -40.82597 -40.82597 -41.94115 -43.14005
-6.137175 -6.137175 -6.399616 -6.655173 -6.655173 -6.903865 -7.158246 -7.158246 -7.437495 -7.755155 -7.755155 -8.111563 -8.492563 -8.492563 -8.878862 -9.260994 -9.260994 -9.642786 -10.04391 -10.04391 -10.50771 -11.02601 -11.02601 -11.6102 -12.28453 -12.28453 -13.06719 -13.95132 -13.95132 -14.89974 -15.86324 -15.86324 -16.80352 -17.70685 -17.70685 -18.58444 -19.46449 -19.46449 -20.38743 -21.41278 -21.41278 -22.52037 -23.68684 -23.68684 -24.89168 -26.1204 -26.1204 -27.37396 -28.64594 -28.64594 -29.92432 -31.19724 -31.19724 -32.45644 -33.70146 -34.94058 -36.18314 -36.18314 -37.43627 -38.67951 -38.67951 -39.87926 -41.01195 -41.01195 -42.14368 -43.35323
-6.004251 -6.004251 -6.263881 -6.521499 -6.521499 -6.775062 -7.034835 -7.034835 -7.318575 -7.639567 -7.639567 -8.00062 -8.389393 -8.389393 -8.78764 -9.183826 -9.183826 -9.58277 -10.00298 -10.00298 -10.47259 -10.99659 -10.99659 -11.58615 -12.26081 -12.26081 -13.0387 -13.91962 -13.91962 -14.87678 -15.86764 -15.86764 -16.8532 -17.81205 -17.81205 -18.74284 -19.65924 -19.65924 -20.57774 -21.56533 -21.56533 -22.62702 -23.75037 -23.75037 -24.92104 -26.128 -26.128 -27.36836 -28.63209 -28.63209 -29.90555 -31.17679 -31.17679 -32.44087 -33.6972 -33.6972 -36.21199 -36.21199 -37.48232 -38.7434 -38.7434 -39.96596 -41.13268 -41.13268 -42.29454 -43.52361
-5.887146 -5.887146 -6.141461 -6.399264 -6.399264 -6.65836 -6.926686 -6.926686 -7.219016 -7.548051 -7.548051 -7.916539 -8.314554 -8.314554 -8.725895 -9.138213 -9.138213 -9.554104 -9.987708 -9.987708 -10.45747 -10.98236 -10.98236 -11.5765 -12.25388 -12.25388 -13.02838 -13.90386 -13.90386 -14.86299 -15.87191 -15.87191 -16.89376 -17.90088 -17.90088 -18.88034 -19.8308 -19.8308 -20.75527 -21.71609 -21.71609 -22.73658 -23.81796 -23.81796 -24.95514 -26.14217 -26.14217 -27.37055 -28.6257 -28.6257 -29.89142 -31.15472 -31.15472 -32.4149 -33.67206 -33.67206 -36.19527 -36.19527 -37.47109 -38.74262 -38.74262 -39.98508 -41.18616 -41.18616 -42.38125 -43.63251
-5.788457 -5.788457 -6.034482 -6.290413 -6.290413 -6.554069 -6.832969 -6.832969 -7.137964 -7.47881 -7.47881 -7.857233 -8.264818 -8.264818 -8.687348 -9.112547 -9.112547 -9.540855 -9.981466 -9.981466 -10.4472 -10.97177 -10.97177 -11.57196 -12.2571 -12.2571 -13.03302 -13.90306 -13.90306 -14.85738 -15.87123 -15.87123 -16.91383 -17.95513 -17.95513 -18.97314 -19.95549 -19.95549 -20.8974 -21.8488 -21.8488 -22.84104 -23.88809 -23.88809 -24.99537 -26.16488 -26.16488 -27.38234 -28.62884 -28.62884 -29.8856 -31.13847 -31.13847 -32.3912 -33.64458 -33.64458 -36.16113 -36.16113 -37.43339 -38.70715 -38.70715 -39.96258 -41.19033 -42.4134 -42.4134 -43.68392
-5.49332 -5.708216 -5.943018 -5.943018 -6.193807 -6.460919 -6.750549 -6.750549 -7.071011 -7.42643 -7.42643 -7.816087 -8.230942 -8.230942 -8.659281 -9.090704 -9.090704 -9.524586 -9.96678 -9.96678 -10.42518 -10.95047 -10.95047 -11.56231 -12.26221 -12.26221 -13.0475 -13.91569 -13.91569 -14.8608 -15.86718 -15.86718 -16.91291 -17.972 -17.972 -19.01806 -20.03124 -20.03124 -21.0025 -21.96261 -21.96261 -22.94321 -23.9666 -23.9666 -25.04908 -26.20227 -26.20227 -27.40702 -28.64242 -28.64242 -29.88857 -31.13084 -31.13084 -32.37589 -33.62521 -33.62521 -36.13312 -36.13312 -37.39939 -38.67105 -39.93289 -39.93289 -41.17715 -42.41853 -42.41853 -43.7015
-5.441745 -5.643799 -5.865473 -5.865473 -6.107951 -6.376088 -6.376088 -6.675923 -7.012279 -7.383809 -7.383809 -7.783725 -8.202341 -8.202341 -8.628458 -9.05612 -9.05612 -9.486444 -9.925104 -9.925104 -10.37571 -10.90718 -10.90718 -11.53838 -12.26245 -12.26245 -13.06572 -13.93895 -13.93895 -14.87487 -15.86452 -15.86452 -16.89902 -17.96067 -17.96067 -19.02542 -20.06977 -20.06977 -21.08004 -22.06652 -22.06652 -23.05355 -24.06642 -24.06642 -25.12955 -26.26569 -26.26569 -27.45234 -28.66998 -28.66998 -29.90117 -31.13303 -31.13303 -32.37136 -33.61823 -33.61823 -36.12664 -37.39186 -37.39186 -38.66311 -39.92884 -39.92884 -41.18266 -42.43414 -42.43414 -43.72185
-5.399495 -5.590129 -5.798821 -5.798821 -6.030876 -6.297574 -6.297574 -6.60625 -6.957577 -6.957577 -7.344297 -7.752975 -8.170027 -8.170027 -8.585908 -8.998229 -8.998229 -9.412944 -9.840881 -9.840881 -10.28784 -10.83717 -10.83717 -11.49686 -12.25239 -12.25239 -13.08168 -13.96702 -13.96702 -14.8983 -15.867 -15.867 -16.88108 -17.93493 -17.93493 -19.01079 -20.08615 -20.08615 -21.14339 -22.17242 -22.17242 -23.18513 -24.2029 -24.2029 -25.25298 -26.36891 -26.36891 -27.52956 -28.72017 -28.72017 -29.9293 -31.14925 -31.14925 -32.38171 -33.62788 -33.62788 -36.15126 -37.42561 -37.42561 -38.70336 -39.97544 -39.97544 -41.238 -42.49608 -42.49608 -43.78396
-5.359429 -5.542281 -5.739918 -5.739918 -5.961495 -6.224469 -6.224469 -6.540097 -6.905304 -6.905304 -7.305488 -7.720529 -7.720529 -8.132318 -8.531747 -8.531747 -8.920578 -9.308966 -9.715721 -9.715721 -10.17031 -10.75099 -10.75099 -11.44446 -12.23257 -12.23257 -13.08926 -13.99083 -13.99083 -14.92173 -15.87256 -15.87256 -16.86461 -17.9052 -17.9052 -18.98689 -20.09164 -20.09164 -21.19987 -22.28452 -22.28452 -23.34209 -24.38379 -24.38379 -25.42955 -26.52248 -26.52248 -27.65014 -28.80557 -28.80557 -29.98564 -31.19099 -31.19099 -32.41705 -33.66356 -33.66356 -36.21552 -37.5098 -37.5098 -38.80296 -40.08693 -40.08693 -41.36224 -42.62939 -42.62939 -43.91881
-5.320525 -5.498895 -5.686881 -5.686881 -5.898802 -6.157318 -6.157318 -6.477859 -6.855642 -6.855642 -7.268386 -7.688701 -7.688701 -8.094234 -8.477207 -8.477207 -8.844051 -9.213866 -9.213866 -9.612639 -10.08127 -10.68205 -10.68205 -11.39795 -12.20938 -12.20938 -13.08751 -14.00393 -14.00393 -14.93798 -15.87782 -15.87782 -16.85155 -17.87777 -17.87777 -18.96049 -20.0896 -20.0896 -21.24694 -22.39296 -22.39296 -23.50996 -24.59636 -24.59636 -25.65087 -26.72367 -26.72367 -27.81953 -28.93867 -28.93867 -30.08671 -31.27543 -31.27543 -32.49374 -33.7403 -33.7403 -36.32821 -37.64945 -37.64945 -38.96414 -40.26413 -40.26413 -41.5565 -42.83909 -42.83909 -44.1386
-5.289531 -5.460817 -5.639417 -5.639417 -5.84206 -6.096511 -6.096511 -6.420998 -6.810078 -6.810078 -7.235443 -7.661549 -7.661549 -8.062894 -8.433147 -8.433147 -8.785695 -9.146934 -9.146934 -9.550179 -10.03502 -10.03502 -10.64543 -11.36995 -11.36995 -12.19037 -13.07921 -14.00553 -14.00553 -14.9444 -15.88119 -15.88119 -16.84369 -17.857 -17.857 -18.93576 -20.07965 -20.07965 -21.27569 -22.47657 -22.47657 -23.65214 -24.78848 -24.78848 -25.87239 -26.94875 -26.94875 -28.03113 -29.1259 -29.1259 -30.2464 -31.41816 -31.41816 -32.62722 -33.87243 -33.87243 -36.49348 -37.84143 -37.84143 -39.17794 -40.49137 -40.49137 -41.79852 -43.10136 -43.10136 -44.42496
-5.261343 -5.425856 -5.59694 -5.59694 -5.791337 -6.041882 -6.041882 -6.37048 -6.770349 -6.770349 -7.208186 -7.642201 -7.642201 -8.04233 -8.404835 -8.404835 -8.7493 -9.109652 -9.109652 -9.522305 -10.02252 -10.02252 -10.63894 -11.36339 -11.36339 -12.18149 -13.07009 -13.07009 -13.99998 -14.9442 -15.88532 -15.88532 -16.84529 -17.84967 -17.84967 -18.92002 -20.06623 -20.06623 -21.28391 -22.52324 -22.52324 -23.7464 -24.9318 -24.9318 -26.06279 -27.17015 -27.17015 -28.26716 -29.36128 -29.36128 -30.46635 -31.62249 -31.62249 -32.82165 -34.06385 -34.06385 -36.70279 -38.06762 -38.06762 -39.41882 -40.73463 -40.73463 -42.04417 -43.36137 -43.36137 -44.7118
-5.2261 -5.390844 -5.55902 -5.55902 -5.747673 -5.994461 -5.994461 -6.326343 -6.736976 -6.736976 -7.187569 -7.630589 -7.630589 -8.032675 -8.390954 -8.390954 -8.731187 -9.09295 -9.09295 -9.515057 -10.02864 -10.02864 -10.65237 -11.37565 -11.37565 -12.18647 -13.06783 -13.06783 -13.99594 -14.94566 -14.94566 -15.89852 -16.86581 -17.86766 -17.86766 -18.92763 -20.06422 -20.06422 -21.28386 -22.53968 -22.53968 -23.79221 -25.01788 -25.01788 -26.20335 -27.36065 -27.36065 -28.49692 -29.61747 -29.61747 -30.72389 -31.86856 -31.86856 -33.06068 -34.30054 -34.30054 -36.93187 -38.29216 -38.29216 -39.6373 -40.94344 -40.94344 -42.24591 -43.56947 -43.56947 -44.94494
-5.184844 -5.359005 -5.528271 -5.528271 -5.713273 -5.956527 -5.956527 -6.290226 -6.709647 -6.709647 -7.173091 -7.625747 -7.625747 -8.031199 -8.387178 -8.387178 -8.72389 -9.086686 -9.086686 -9.516178 -10.04139 -10.04139 -10.67568 -11.40178 -11.40178 -12.20733 -13.08064 -13.08064 -14.00496 -14.96106 -14.96106 -15.93286 -16.91806 -16.91806 -17.92677 -18.97874 -18.97874 -20.09783 -21.30173 -22.55036 -22.55036 -23.8092 -25.05751 -25.05751 -26.2885 -27.49575 -27.49575 -28.67687 -29.83208 -29.83208 -30.95886 -32.10939 -32.10939 -33.30503 -34.54873 -34.54873 -37.1507 -38.4866 -38.4866 -39.80712 -41.0921 -41.0921 -42.37916 -43.69975 -43.69975 -45.09029
-5.003481 -5.164974 -5.340055 -5.508902 -5.508902 -5.690588 -5.930598 -5.930598 -6.264521 -6.690062 -7.163753 -7.163753 -7.626279 -8.035389 -8.035389 -8.389104 -8.721613 -8.721613 -9.08332 -9.517986 -10.05438 -10.05438 -10.70382 -11.44015 -11.44015 -12.24757 -13.11749 -13.11749 -14.03989 -15.00401 -16.00079 -16.00079 -17.01363 -18.0405 -18.0405 -19.09244 -20.19242 -21.36842 -21.36842 -22.58987 -23.83113 -23.83113 -25.07808 -26.33173 -26.33173 -27.57153 -28.78652 -29.97289 -29.97289 -31.12935 -32.29857 -32.29857 -33.50526 -34.75424 -36.02849 -36.02849 -36.02849 -37.3308 -37.3308 -38.63708 -39.92547 -39.92547 -41.18513 -42.45192 -43.76329 -43.76329
-5.001392 -5.159468 -5.331315 -5.499324 -5.499324 -5.680099 -5.918119 -5.918119 -6.251844 -6.680746 -7.161243 -7.161243 -7.630933 -8.043687 -8.043687 -8.394729 -8.721189 -8.721189 -9.079452 -9.517736 -10.06619 -10.06619 -10.73612 -11.49221 -11.49221 -12.31245 -13.18777 -13.18777 -14.11289 -15.08609 -16.10965 -16.10965 -17.1554 -18.21089 -18.21089 -19.27558 -20.36193 -21.50561 -21.50561 -22.68859 -23.89454 -23.89454 -25.11665 -26.36345 -26.36345 -27.60735 -28.83363 -30.03723 -30.03723 -31.22136 -32.41375 -32.41375 -33.63622 -34.89479 -34.89479 -36.17372 -36.17372 -37.46671 -37.46671 -38.75117 -40.0117 -40.0117 -41.24918 -42.49621 -43.79511 -43.79511
