1e+07 0.0158319 0.243875 0.740293
2e+07 0.396084 0.223215 0.380702
3e+07 0.00263169 0.957868 0.0395005
4e+07 0.374263 0.185742 0.439995
5e+07 0.542295 0.18325 0.274454
6e+07 0.396973 0.261833 0.341194
7e+07 0.400693 0.431639 0.167668
8e+07 0.412246 0.518711 0.0690437
9e+07 0.259649 0.504324 0.236027
1e+08 0.291758 0.674852 0.03339
1.1e+08 0.232026 0.0840085 0.683966
1.2e+08 0.274616 0.113475 0.611909
1.3e+08 0.246564 0.171171 0.582266
1.4e+08 0.197973 0.0127338 0.789293
1.5e+08 0.105669 0.311775 0.582556
1.6e+08 0.114675 0.877927 0.00739873
1.7e+08 0.150155 0.0294969 0.820348
1.8e+08 0.0640892 0.857189 0.0787219
1.9e+08 0.124867 0.0241029 0.85103
2e+08 0.0683006 0.928022 0.00367702
2.1e+08 0.0645061 0.180101 0.755393
2.2e+08 0.105076 0.338385 0.556539
2.3e+08 0.0405636 0.949532 0.00990433
2.4e+08 0.0421739 0.297124 0.660702
2.5e+08 0.0847743 0.0589412 0.856285
2.6e+08 0.0641994 0.706659 0.229142
2.7e+08 0.0223391 0.940029 0.037632
2.8e+08 0.0251786 0.430567 0.544255
2.9e+08 0.0555401 0.011221 0.933239
3e+08 0.0664767 0.203682 0.729841
3.1e+08 0.0468184 0.707575 0.245606
3.2e+08 0.0199195 0.979166 0.000914365
3.3e+08 0.00935879 0.81139 0.179251
3.4e+08 0.0189206 0.398011 0.583069
3.5e+08 0.0366942 0.0689516 0.894354
3.6e+08 0.0489588 0.0173426 0.933699
3.7e+08 0.0487318 0.237614 0.713654
3.8e+08 0.0377354 0.578996 0.383268
3.9e+08 0.0226226 0.866613 0.110765
4e+08 0.00999121 0.989468 0.000541044
4.1e+08 0.00419369 0.919373 0.0764328
4.2e+08 0.00575134 0.708165 0.286084
4.3e+08 0.0127201 0.437607 0.549673
4.4e+08 0.021861 0.195814 0.782325
4.5e+08 0.0301652 0.0414184 0.928416
4.6e+08 0.0355043 0.00156479 0.962931
4.7e+08 0.0369031 0.0719589 0.891138
4.8e+08 0.0345749 0.223348 0.742077
4.9e+08 0.0293422 0.422275 0.548383
5e+08 0.0225607 0.625221 0.352218
5.1e+08 0.0154103 0.8027 0.18189
5.2e+08 0.00917502 0.92694 0.0638847
5.3e+08 0.00445115 0.989889 0.00565983
5.4e+08 0.00170559 0.988709 0.00958564
5.5e+08 0.000974393 0.930635 0.068391
5.6e+08 0.00205317 0.827746 0.170201
5.7e+08 0.00458635 0.694332 0.301081
5.8e+08 0.00807522 0.547803 0.444121
5.9e+08 0.0120589 0.401591 0.58635
6e+08 0.0160573 0.26914 0.714803
6.1e+08 0.0197598 0.157667 0.822573
6.2e+08 0.0229236 0.0726017 0.904475
6.3e+08 0.0252245 0.0208242 0.953951
6.4e+08 0.0266528 0.000511347 0.972836
6.5e+08 0.0271939 0.0105096 0.962296
6.6e+08 0.0268847 0.046577 0.926538
6.7e+08 0.0257963 0.107413 0.866791
6.8e+08 0.0241129 0.183882 0.792005
6.9e+08 0.0218872 0.275613 0.7025
7e+08 0.0193837 0.372257 0.608359
7.1e+08 0.0167075 0.471055 0.512238
7.2e+08 0.0139336 0.57 0.416066
7.3e+08 0.0112353 0.66333 0.325434
7.4e+08 0.0087075 0.748273 0.24302
7.5e+08 0.00645007 0.82186 0.17169
7.6e+08 0.00444677 0.885063 0.11049
7.7e+08 0.00283161 0.933728 0.0634404
7.8e+08 0.00158097 0.968957 0.0294618
7.9e+08 0.000678308 0.991322 0.00799967
8e+08 0.000181637 0.999656 0.000161881
8.1e+08 2.45239e-05 0.995813 0.00416238
8.2e+08 0.000193871 0.980795 0.0190107
8.3e+08 0.000657319 0.955539 0.0438038
8.4e+08 0.00140921 0.919956 0.0786344
8.5e+08 0.00235196 0.878323 0.119326
8.6e+08 0.00348995 0.829871 0.166639
8.7e+08 0.004782 0.776087 0.219131
8.8e+08 0.00619055 0.718289 0.27552
8.9e+08 0.00761348 0.660498 0.331889
9e+08 0.00912807 0.599163 0.391709
9.1e+08 0.0106471 0.53772 0.451633
9.2e+08 0.0121379 0.477387 0.510475
9.3e+08 0.0135978 0.418026 0.568376
9.4e+08 0.0149469 0.362929 0.622124
9.5e+08 0.016217 0.310601 0.673182
9.6e+08 0.0174024 0.261193 0.721405
9.7e+08 0.0184992 0.214812 0.766689
9.8e+08 0.0194804 0.172496 0.808024
9.9e+08 0.020327 0.135123 0.84455
1e+09 0.021063 0.101597 0.87734
1.01e+09 0.0216478 0.0737975 0.904555
1.02e+09 0.0221094 0.0505112 0.927379
1.03e+09 0.0224479 0.0316829 0.945869
1.04e+09 0.0226745 0.0168578 0.960468
1.05e+09 0.0227718 0.00714974 0.970079
1.06e+09 0.0227578 0.00174535 0.975497
1.07e+09 0.0226372 0.000180394 0.977182
1.08e+09 0.0224225 0.00253051 0.975047
1.09e+09 0.0221048 0.00879686 0.969098
1.1e+09 0.0217361 0.0174915 0.960772
1.11e+09 0.021265 0.0300906 0.948644
1.12e+09 0.0207015 0.0464467 0.932852
1.13e+09 0.0201078 0.064396 0.915496
1.14e+09 0.0194687 0.0844357 0.896096
1.15e+09 0.0187898 0.106378 0.874832
1.16e+09 0.0180415 0.131342 0.850617
1.17e+09 0.0172844 0.157109 0.825607
1.18e+09 0.0164992 0.184396 0.799105
1.19e+09 0.0156828 0.213373 0.770944
1.2e+09 0.0148795 0.242285 0.742836
1.21e+09 0.0140289 0.273646 0.712326
1.22e+09 0.0131883 0.305096 0.681716
1.23e+09 0.012375 0.33591 0.651715
1.24e+09 0.0115813 0.366402 0.622016
1.25e+09 0.0107479 0.399252 0.59
1.26e+09 0.00993922 0.431617 0.558444
1.27e+09 0.00918715 0.462007 0.528806
1.28e+09 0.00843804 0.492942 0.49862
1.29e+09 0.00772228 0.522966 0.469312
1.3e+09 0.00697642 0.555239 0.437785
1.31e+09 0.00633967 0.582903 0.410757
1.32e+09 0.00569804 0.611592 0.38271
1.33e+09 0.00512422 0.637583 0.357292
1.34e+09 0.00452843 0.665577 0.329895
1.35e+09 0.00398436 0.691772 0.304244
1.36e+09 0.00348043 0.71669 0.27983
1.37e+09 0.00299643 0.741485 0.255518
1.38e+09 0.00257197 0.763839 0.233589
1.39e+09 0.0021695 0.785981 0.211849
1.4e+09 0.00182362 0.805651 0.192525
1.41e+09 0.00147466 0.826843 0.171683
1.42e+09 0.00118551 0.845294 0.153521
1.43e+09 0.000938332 0.862034 0.137027
1.44e+09 0.000712084 0.878727 0.120561
1.45e+09 0.00051951 0.894424 0.105057
1.46e+09 0.000376019 0.907398 0.0922264
1.47e+09 0.000246881 0.921254 0.0784996
1.48e+09 0.000158701 0.932931 0.0669106
1.49e+09 9.73543e-05 0.944343 0.0555601
1.5e+09 7.03439e-05 0.953686 0.0462436
1.51e+09 7.03003e-05 0.962276 0.0376537
1.52e+09 9.69711e-05 0.969787 0.0301163
1.53e+09 0.000155849 0.977116 0.0227281
1.54e+09 0.000232277 0.982488 0.0172799
1.55e+09 0.000349403 0.987879 0.0117719
1.56e+09 0.000484801 0.991848 0.0076669
1.57e+09 0.000624324 0.994513 0.00486231
1.58e+09 0.000793704 0.996651 0.00255482
1.59e+09 0.00100297 0.998138 0.000859023
1.6e+09 0.00121872 0.998679 0.000101828
1.61e+09 0.00144599 0.998477 7.72874e-05
1.62e+09 0.0017191 0.99742 0.00086102
1.63e+09 0.00198407 0.995754 0.00226179
1.64e+09 0.00226774 0.993401 0.00433168
1.65e+09 0.00257251 0.990324 0.00710384
1.66e+09 0.00288577 0.986691 0.0104235
1.67e+09 0.00322577 0.98224 0.014534
1.68e+09 0.00355127 0.97765 0.0187987
1.69e+09 0.00393279 0.971725 0.0243419
1.7e+09 0.00428207 0.966065 0.0296531
1.71e+09 0.00468757 0.958956 0.0363565
1.72e+09 0.00505164 0.952428 0.0425207
1.73e+09 0.00541508 0.9457 0.0488851
1.74e+09 0.00585869 0.936871 0.0572704
1.75e+09 0.00625252 0.928951 0.0647965
1.76e+09 0.00661228 0.9217 0.0716874
1.77e+09 0.00704722 0.91236 0.0805932
1.78e+09 0.00745473 0.90352 0.0890249
1.79e+09 0.00790566 0.893323 0.0987714
1.8e+09 0.00832197 0.883877 0.107801
1.81e+09 0.00873665 0.874308 0.116955
1.82e+09 0.00922288 0.862512 0.128265
1.83e+09 0.0096624 0.851857 0.138481
1.84e+09 0.0100719 0.841938 0.147991
1.85e+09 0.0105143 0.830902 0.158584
1.86e+09 0.0109534 0.819801 0.169245
1.87e+09 0.0114079 0.808042 0.18055
1.88e+09 0.011856 0.796332 0.191812
1.89e+09 0.0122935 0.784801 0.202906
1.9e+09 0.0126668 0.775281 0.212052
1.91e+09 0.013117 0.763078 0.223805
1.92e+09 0.0135798 0.750264 0.236157
1.93e+09 0.0140032 0.738671 0.247325
1.94e+09 0.0144257 0.726937 0.258638
1.95e+09 0.0148311 0.715713 0.269456
1.96e+09 0.0152825 0.702673 0.282044
1.97e+09 0.0157234 0.689902 0.294374
1.98e+09 0.016095 0.679479 0.304426
1.99e+09 0.0165219 0.666927 0.316551
2e+09 0.0169239 0.655165 0.327912
2.01e+09 0.0172904 0.644643 0.338067
2.02e+09 0.0177636 0.62981 0.352427
2.03e+09 0.0181543 0.618065 0.36378
2.04e+09 0.0185611 0.605559 0.37588
2.05e+09 0.0188572 0.597313 0.38383
2.06e+09 0.0192624 0.58458 0.396157
2.07e+09 0.0196838 0.571038 0.409278
2.08e+09 0.0199811 0.562425 0.417594
2.09e+09 0.0203731 0.5498 0.429827
2.1e+09 0.0207784 0.536417 0.442804
2.11e+09 0.0210959 0.526589 0.452315
2.12e+09 0.0214677 0.514397 0.464135
2.13e+09 0.021764 0.505282 0.472954
2.14e+09 0.0220975 0.494421 0.483482
2.15e+09 0.0224963 0.480506 0.496997
2.16e+09 0.022788 0.471231 0.505981
2.17e+09 0.023127 0.459656 0.517217
2.18e+09 0.0234383 0.449223 0.527339
2.19e+09 0.023712 0.440426 0.535862
2.2e+09 0.0240747 0.427228 0.548697
2.21e+09 0.0243373 0.418681 0.556982
2.22e+09 0.0246219 0.408972 0.566406
2.23e+09 0.0249126 0.398708 0.576379
2.24e+09 0.0251764 0.389746 0.585078
2.25e+09 0.0254377 0.380728 0.593834
2.26e+09 0.0257559 0.36861 0.605634
2.27e+09 0.0259989 0.360262 0.613739
2.28e+09 0.0262635 0.350542 0.623194
2.29e+09 0.0265099 0.341665 0.631825
2.3e+09 0.0267672 0.332022 0.641211
2.31e+09 0.0270068 0.32324 0.649753
2.32e+09 0.0272309 0.31516 0.657609
2.33e+09 0.0274734 0.305782 0.666744
2.34e+09 0.0276997 0.297185 0.675115
2.35e+09 0.0278932 0.290402 0.681705
2.36e+09 0.0281128 0.281819 0.690068
2.37e+09 0.0283531 0.271779 0.699868
2.38e+09 0.0285273 0.265666 0.705807
2.39e+09 0.0287323 0.25748 0.713788
2.4e+09 0.0289326 0.249251 0.721817
2.41e+09 0.0291124 0.242347 0.72854
2.42e+09 0.0292865 0.235581 0.735132
2.43e+09 0.0294753 0.227539 0.742986
2.44e+09 0.029637 0.221251 0.749112
2.45e+09 0.0298233 0.21296 0.757217
2.46e+09 0.0299717 0.207203 0.762825
2.47e+09 0.030136 0.200059 0.769805
2.48e+09 0.0302924 0.193204 0.776503
2.49e+09 0.0304466 0.186336 0.783218
2.5e+09 0.0305823 0.18073 0.788687
2.51e+09 0.0307263 0.174264 0.79501
2.52e+09 0.0308514 0.169035 0.800113
2.53e+09 0.0309775 0.163628 0.805394
2.54e+09 0.0311141 0.157009 0.811876
2.55e+09 0.0312262 0.152318 0.816456
2.56e+09 0.0313495 0.1463 0.822351
2.57e+09 0.0314646 0.140776 0.82776
2.58e+09 0.0315681 0.136266 0.832166
2.59e+09 0.0316729 0.131159 0.837168
2.6e+09 0.0317744 0.1262 0.842025
2.61e+09 0.031881 0.120087 0.848032
2.62e+09 0.0319684 0.116223 0.851808
2.63e+09 0.0320654 0.110498 0.857437
2.64e+09 0.0321429 0.107523 0.860334
2.65e+09 0.0322263 0.102909 0.864864
2.66e+09 0.032308 0.0981367 0.869555
2.67e+09 0.0323818 0.094307 0.873311
2.68e+09 0.0324561 0.0896753 0.877869
2.69e+09 0.0325246 0.0853605 0.882115
2.7e+09 0.0325875 0.0822218 0.885191
2.71e+09 0.0326491 0.0781862 0.889165
2.72e+09 0.0327077 0.0746923 0.8926
2.73e+09 0.0327627 0.0705233 0.896714
2.74e+09 0.0328156 0.068035 0.899149
2.75e+09 0.032863 0.064529 0.902608
2.76e+09 0.0329089 0.0611348 0.905956
2.77e+09 0.0329526 0.058196 0.908851
2.78e+09 0.0329942 0.0555375 0.911468
2.79e+09 0.0330294 0.0521191 0.914851
2.8e+09 0.0330636 0.0493863 0.91755
2.81e+09 0.0330881 0.0457941 0.921118
2.82e+09 0.0331215 0.0438477 0.923031
2.83e+09 0.033153 0.0417471 0.9251
2.84e+09 0.0331699 0.0387179 0.928112
2.85e+09 0.0331911 0.036368 0.930441
2.86e+09 0.033218 0.034759 0.932023
2.87e+09 0.033226 0.0320173 0.934757
2.88e+09 0.0332456 0.0302854 0.936469
2.89e+09 0.0332599 0.0284126 0.938328
2.9e+09 0.0332509 0.0256101 0.941139
2.91e+09 0.0332623 0.023972 0.942766
2.92e+09 0.0332759 0.0226063 0.944118
2.93e+09 0.033271 0.0206199 0.946109
2.94e+09 0.0332736 0.0191188 0.947608
2.95e+09 0.033275 0.0177027 0.949022
2.96e+09 0.0332616 0.0159255 0.950813
2.97e+09 0.0332693 0.0149226 0.951808
2.98e+09 0.0332613 0.0135848 0.953154
2.99e+09 0.0332341 0.0119248 0.954841
3e+09 0.0332316 0.0109507 0.955818
3.01e+09 0.0332145 0.00979693 0.956989
3.02e+09 0.0331939 0.00865513 0.958151
3.03e+09 0.0331781 0.00771582 0.959106
3.04e+09 0.0331625 0.00686455 0.959973
3.05e+09 0.0331747 0.0064483 0.960377
3.06e+09 0.0331001 0.00500732 0.961893
3.07e+09 0.0331045 0.00460544 0.96229
3.08e+09 0.033086 0.00399976 0.962914
3.09e+09 0.0330106 0.00298128 0.964008
3.1e+09 0.0330236 0.00278098 0.964195
3.11e+09 0.0329892 0.0022577 0.964753
3.12e+09 0.0329393 0.00171644 0.965344
3.13e+09 0.0329122 0.00138693 0.965701
3.14e+09 0.0328823 0.00109286 0.966025
3.15e+09 0.0328624 0.000885062 0.966253
3.16e+09 0.0328143 0.000634819 0.966551
3.17e+09 0.0327956 0.000512113 0.966692
3.18e+09 0.0327352 0.00036523 0.9669
3.19e+09 0.032665 0.000297952 0.967037
3.2e+09 0.0326663 0.000296561 0.967037
3.21e+09 0.0325968 0.000348586 0.967055
3.22e+09 0.0325627 0.000426766 0.967011
3.23e+09 0.03249 0.000617721 0.966892
3.24e+09 0.0324565 0.00077799 0.966765
3.25e+09 0.032423 0.000966474 0.966611
3.26e+09 0.0323732 0.00123954 0.966387
3.27e+09 0.0323298 0.00153069 0.966139
3.28e+09 0.0322743 0.0018995 0.965826
3.29e+09 0.0322201 0.00230815 0.965472
3.3e+09 0.0321509 0.00284316 0.965006
3.31e+09 0.0321157 0.00321468 0.96467
3.32e+09 0.0320756 0.00364101 0.964283
3.33e+09 0.0320132 0.00423396 0.963753
3.34e+09 0.0319563 0.0048318 0.963212
3.35e+09 0.0318675 0.0056994 0.962433
3.36e+09 0.0318473 0.00608202 0.962071
3.37e+09 0.0317897 0.00676929 0.961441
3.38e+09 0.0316871 0.0078709 0.960442
3.39e+09 0.0316582 0.00837686 0.959965
3.4e+09 0.0315967 0.00918877 0.959215
3.41e+09 0.0315279 0.0100853 0.958387
3.42e+09 0.0314699 0.0109307 0.957599
3.43e+09 0.0314053 0.0118386 0.956756
3.44e+09 0.031359 0.0125986 0.956042
3.45e+09 0.0312569 0.0139622 0.954781
3.46e+09 0.0312403 0.01443 0.95433
3.47e+09 0.0311519 0.0157115 0.953137
3.48e+09 0.0310658 0.016994 0.95194
3.49e+09 0.0310458 0.0175315 0.951423
3.5e+09 0.030979 0.018616 0.950405
3.51e+09 0.0308597 0.0203818 0.948759
3.52e+09 0.0308205 0.0211907 0.947989
3.53e+09 0.0307973 0.0217959 0.947407
3.54e+09 0.0306966 0.0234035 0.9459
3.55e+09 0.0306094 0.0248703 0.94452
3.56e+09 0.0305324 0.0262204 0.943247
3.57e+09 0.0304981 0.0270167 0.942485
3.58e+09 0.0304153 0.0284749 0.94111
3.59e+09 0.0303659 0.0294939 0.94014
3.6e+09 0.0302487 0.0314862 0.938265
3.61e+09 0.0301614 0.0330767 0.936762
3.62e+09 0.030093 0.0344105 0.935496
3.63e+09 0.030062 0.0352124 0.934726
3.64e+09 0.0299556 0.0371426 0.932902
3.65e+09 0.0298809 0.0386233 0.931496
3.66e+09 0.029843 0.0395494 0.930608
3.67e+09 0.0298047 0.0404704 0.929725
3.68e+09 0.0296884 0.042631 0.927681
3.69e+09 0.0296049 0.0442939 0.926101
3.7e+09 0.0295407 0.0456767 0.924783
3.71e+09 0.0294632 0.0472668 0.92327
3.72e+09 0.029424 0.0482534 0.922323
3.73e+09 0.0293132 0.0504145 0.920272
3.74e+09 0.0292373 0.0520268 0.918736
3.75e+09 0.0291823 0.0532955 0.917522
3.76e+09 0.029104 0.0549691 0.915927
3.77e+09 0.0290163 0.0568133 0.91417
3.78e+09 0.0289431 0.0584241 0.912633
3.79e+09 0.0288244 0.0608386 0.910337
3.8e+09 0.0287804 0.0619584 0.909261
3.81e+09 0.0287097 0.0635414 0.907749
3.82e+09 0.0286304 0.0652995 0.90607
3.83e+09 0.028554 0.0670228 0.904423
3.84e+09 0.0284504 0.0692548 0.902295
3.85e+09 0.0283984 0.0705315 0.90107
3.86e+09 0.028301 0.0726767 0.899022
3.87e+09 0.0282776 0.0734337 0.898289
3.88e+09 0.0281884 0.0754332 0.896378
3.89e+09 0.0280886 0.0776522 0.894259
3.9e+09 0.028005 0.0795619 0.892433
3.91e+09 0.0279591 0.0807744 0.891267
3.92e+09 0.0278946 0.0823384 0.889767
3.93e+09 0.0278374 0.0837596 0.888403
3.94e+09 0.0276859 0.0870304 0.885284
3.95e+09 0.0276199 0.0886494 0.883731
3.96e+09 0.0275363 0.0906258 0.881838
3.97e+09 0.0274902 0.0918674 0.880642
3.98e+09 0.0273881 0.094213 0.878399
3.99e+09 0.0273677 0.0949367 0.877696
4e+09 0.0272594 0.097446 0.875295
4.01e+09 0.0271829 0.0993041 0.873513
4.02e+09 0.0270667 0.101982 0.870952
4.03e+09 0.0270623 0.102386 0.870552
4.04e+09 0.0269728 0.104535 0.868492
4.05e+09 0.0268855 0.106639 0.866476
4.06e+09 0.0267585 0.1096 0.863642
4.07e+09 0.0267116 0.110885 0.862403
4.08e+09 0.0265999 0.113533 0.859867
4.09e+09 0.0265442 0.115015 0.858441
4.1e+09 0.0265046 0.116158 0.857337
4.11e+09 0.0264048 0.118577 0.855018
4.12e+09 0.0263377 0.120311 0.853351
4.13e+09 0.0262573 0.122336 0.851407
4.14e+09 0.0261904 0.124056 0.849753
4.15e+09 0.0261184 0.125916 0.847966
4.16e+09 0.0260318 0.128077 0.845892
4.17e+09 0.0259618 0.129896 0.844143
4.18e+09 0.0258905 0.131755 0.842354
4.19e+09 0.0257853 0.134365 0.83985
4.2e+09 0.0257778 0.134796 0.839426
4.21e+09 0.0256355 0.138239 0.836125
4.22e+09 0.0256115 0.139056 0.835333
4.23e+09 0.0255439 0.140837 0.833619
4.24e+09 0.0254418 0.143422 0.831136
4.25e+09 0.0253118 0.146625 0.828063
4.26e+09 0.0252563 0.148153 0.826591
4.27e+09 0.0251679 0.150427 0.824405
4.28e+09 0.0251526 0.151035 0.823812
4.29e+09 0.0250384 0.153915 0.821046
4.3e+09 0.0250387 0.154178 0.820784
4.31e+09 0.0249222 0.157125 0.817953
4.32e+09 0.0248347 0.1594 0.815765
4.33e+09 0.0247238 0.16224 0.813037
4.34e+09 0.0246499 0.164217 0.811133
4.35e+09 0.024617 0.165238 0.810145
4.36e+09 0.0245548 0.16695 0.808495
4.37e+09 0.0244326 0.170085 0.805482
4.38e+09 0.0243474 0.172346 0.803307
4.39e+09 0.0243056 0.173579 0.802116
4.4e+09 0.0242306 0.175606 0.800163
4.41e+09 0.0242104 0.176327 0.799462
4.42e+09 0.0240926 0.179375 0.796532
4.43e+09 0.0240302 0.181126 0.794844
4.44e+09 0.0239012 0.184457 0.791642
4.45e+09 0.023879 0.18523 0.790891
4.46e+09 0.0238035 0.187292 0.788905
4.47e+09 0.0237307 0.189288 0.786981
4.48e+09 0.023709 0.190045 0.786246
4.49e+09 0.0236122 0.192637 0.783751
4.5e+09 0.0235165 0.195196 0.781288
4.51e+09 0.0234629 0.196746 0.779791
4.52e+09 0.0233351 0.200105 0.77656
4.53e+09 0.0233163 0.200793 0.775891
4.54e+09 0.0232621 0.202353 0.774385
4.55e+09 0.0231555 0.205202 0.771642
4.56e+09 0.0231081 0.206608 0.770284
4.57e+09 0.0230895 0.207295 0.769616
4.58e+09 0.0229854 0.21009 0.766925
4.59e+09 0.0229184 0.211993 0.765088
4.6e+09 0.0228087 0.214949 0.762242
4.61e+09 0.022738 0.21693 0.760332
4.62e+09 0.0227008 0.218087 0.759212
4.63e+09 0.0226092 0.220597 0.756793
4.64e+09 0.0226134 0.220706 0.756681
4.65e+09 0.0225062 0.223612 0.753881
4.66e+09 0.0224378 0.22556 0.752002
4.67e+09 0.0223122 0.228959 0.748728
4.68e+09 0.0222613 0.230457 0.747281
4.69e+09 0.0221967 0.232314 0.745489
4.7e+09 0.0221477 0.233764 0.744088
4.71e+09 0.0221485 0.233941 0.74391
4.72e+09 0.0220528 0.236596 0.741351
4.73e+09 0.021966 0.239015 0.739019
4.74e+09 0.0218905 0.241167 0.736942
4.75e+09 0.0217857 0.244072 0.734143
4.76e+09 0.0217339 0.245605 0.732661
4.77e+09 0.0216983 0.246727 0.731574
4.78e+09 0.0216231 0.248869 0.729508
4.79e+09 0.0215818 0.25013 0.728288
4.8e+09 0.0215101 0.252187 0.726303
4.81e+09 0.0214666 0.253506 0.725028
4.82e+09 0.0213145 0.257689 0.720997
4.83e+09 0.0212305 0.260083 0.718687
4.84e+09 0.0211907 0.261307 0.717502
4.85e+09 0.0211163 0.263455 0.715429
4.86e+09 0.0211432 0.262922 0.715935
4.87e+09 0.0210624 0.265235 0.713703
4.88e+09 0.0209556 0.268239 0.710805
4.89e+09 0.0209233 0.26927 0.709807
4.9e+09 0.0208553 0.271249 0.707896
4.91e+09 0.0207468 0.274334 0.704919
4.92e+09 0.020703 0.275664 0.703633
4.93e+09 0.0206052 0.27846 0.700934
4.94e+09 0.0205431 0.280297 0.699159
4.95e+09 0.0205195 0.281095 0.698385
4.96e+09 0.0204528 0.283049 0.696499
4.97e+09 0.0204212 0.284069 0.695509
4.98e+09 0.020366 0.285718 0.693916
4.99e+09 0.0202678 0.288546 0.691187
5e+09 0.0201505 0.291883 0.687967
5.01e+09 0.0201519 0.291998 0.68785
5.02e+09 0.0200098 0.296034 0.683956
5.03e+09 0.0200051 0.296315 0.68368
5.04e+09 0.0200016 0.296561 0.683438
5.05e+09 0.0199745 0.297458 0.682568
5.06e+09 0.0198658 0.300577 0.679557
5.07e+09 0.0198112 0.302221 0.677968
5.08e+09 0.0196753 0.306124 0.6742
5.09e+09 0.0196519 0.30691 0.673438
5.1e+09 0.019685 0.306148 0.674167
5.11e+09 0.0194856 0.311794 0.66872
5.12e+09 0.0194221 0.313696 0.666882
5.13e+09 0.0193832 0.314921 0.665696
5.14e+09 0.0193833 0.315058 0.665559
5.15e+09 0.0193302 0.316674 0.663995
5.16e+09 0.0192598 0.318779 0.661961
5.17e+09 0.0191566 0.321788 0.659056
5.18e+09 0.0191289 0.322702 0.658169
5.19e+09 0.0191017 0.323598 0.6573
5.2e+09 0.0189818 0.327095 0.653923
5.21e+09 0.0189615 0.327792 0.653246
5.22e+09 0.018886 0.330046 0.651068
5.23e+09 0.018853 0.331116 0.650032
5.24e+09 0.018787 0.333099 0.648114
5.25e+09 0.0187476 0.334345 0.646907
5.26e+09 0.0186796 0.33638 0.64494
5.27e+09 0.0185756 0.339456 0.641968
5.28e+09 0.0185613 0.339992 0.641446
5.29e+09 0.0185265 0.341112 0.640361
5.3e+09 0.0184028 0.344747 0.63685
5.31e+09 0.0183913 0.345206 0.636403
5.32e+09 0.0183316 0.347021 0.634647
5.33e+09 0.0182506 0.349452 0.632298
5.34e+09 0.0182701 0.349021 0.632709
5.35e+09 0.0182335 0.350183 0.631584
5.36e+09 0.0182006 0.351242 0.630557
5.37e+09 0.0180331 0.356168 0.625799
5.38e+09 0.017962 0.358326 0.623712
5.39e+09 0.0179202 0.359641 0.622438
5.4e+09 0.0179135 0.359949 0.622137
5.41e+09 0.017844 0.362071 0.620085
5.42e+09 0.0178234 0.362772 0.619405
5.43e+09 0.017761 0.364687 0.617552
5.44e+09 0.0176964 0.366664 0.61564
5.45e+09 0.017649 0.368146 0.614205
5.46e+09 0.0175831 0.37017 0.612247
5.47e+09 0.0175965 0.369888 0.612516
5.48e+09 0.0174557 0.374097 0.608448
5.49e+09 0.0174412 0.374626 0.607933
5.5e+09 0.017368 0.376861 0.605771
5.51e+09 0.0173303 0.378068 0.604602
5.52e+09 0.0173312 0.378143 0.604526
5.53e+09 0.017243 0.380823 0.601934
5.54e+09 0.0172222 0.381539 0.601239
5.55e+09 0.0171277 0.384397 0.598476
5.56e+09 0.0170195 0.387678 0.595302
5.57e+09 0.0170069 0.388154 0.594839
5.58e+09 0.0169189 0.390849 0.592233
5.59e+09 0.0168735 0.392285 0.590842
5.6e+09 0.0168884 0.391948 0.591163
5.61e+09 0.0167839 0.395123 0.588093
5.62e+09 0.0167475 0.396293 0.586959
5.63e+09 0.0167665 0.39583 0.587403
5.64e+09 0.0167196 0.397317 0.585963
5.65e+09 0.0166325 0.399981 0.583386
5.66e+09 0.0165662 0.402046 0.581388
5.67e+09 0.0165545 0.402491 0.580954
5.68e+09 0.0164831 0.404702 0.578815
5.69e+09 0.0164609 0.405453 0.578086
5.7e+09 0.0163752 0.408105 0.57552
5.71e+09 0.0163003 0.410423 0.573277
5.72e+09 0.016263 0.411629 0.572108
5.73e+09 0.0162555 0.411944 0.571801
5.74e+09 0.0161801 0.414293 0.569527
5.75e+09 0.0161172 0.41626 0.567623
5.76e+09 0.0161274 0.416042 0.567831
5.77e+09 0.0160266 0.419151 0.564822
5.78e+09 0.0160399 0.41884 0.56512
5.79e+09 0.0159627 0.421243 0.562794
5.8e+09 0.0159473 0.421787 0.562266
5.81e+09 0.0157824 0.426849 0.557369
5.82e+09 0.0158129 0.426008 0.558179
5.83e+09 0.0157521 0.427925 0.556323
5.84e+09 0.0156906 0.429866 0.554444
5.85e+09 0.0156588 0.430911 0.55343
5.86e+09 0.0156291 0.431894 0.552477
5.87e+09 0.0156296 0.431952 0.552418
5.88e+09 0.015584 0.433414 0.551002
5.89e+09 0.0155525 0.43445 0.549997
5.9e+09 0.0154498 0.437644 0.546906
5.91e+09 0.0154334 0.438219 0.546348
5.92e+09 0.0153716 0.440182 0.544446
5.93e+09 0.015323 0.441732 0.542945
5.94e+09 0.0153078 0.442276 0.542417
5.95e+09 0.0152148 0.445194 0.539592
5.96e+09 0.0152071 0.445507 0.539286
5.97e+09 0.0151089 0.448584 0.536307
5.98e+09 0.015104 0.448803 0.536093
5.99e+09 0.0150287 0.451187 0.533784
6e+09 0.0150206 0.451511 0.533468
6.01e+09 0.0149939 0.452399 0.532607
6.02e+09 0.0149066 0.455146 0.529947
6.03e+09 0.0148993 0.455441 0.52966
6.04e+09 0.0148878 0.455868 0.529244
6.05e+09 0.0148331 0.457616 0.527551
6.06e+09 0.0147202 0.461173 0.524106
6.07e+09 0.0147462 0.460444 0.52481
6.08e+09 0.0146521 0.463415 0.521932
6.09e+09 0.0146055 0.46492 0.520474
6.1e+09 0.014605 0.465005 0.52039
6.11e+09 0.0145245 0.467567 0.517909
6.12e+09 0.0145125 0.468003 0.517484
6.13e+09 0.0144993 0.468477 0.517024
6.14e+09 0.0144069 0.471409 0.514184
6.15e+09 0.0143766 0.472413 0.51321
6.16e+09 0.01439 0.472064 0.513546
6.17e+09 0.0143253 0.474133 0.511542
6.18e+09 0.0142856 0.475432 0.510282
6.19e+09 0.0142555 0.476432 0.509313
6.2e+09 0.0141677 0.479233 0.506599
6.21e+09 0.0140948 0.481577 0.504328
6.22e+09 0.0141021 0.481411 0.504487
6.23e+09 0.0140681 0.482533 0.503398
6.24e+09 0.0140433 0.483369 0.502588
6.25e+09 0.014014 0.484344 0.501642
6.26e+09 0.014012 0.484466 0.501522
6.27e+09 0.0138981 0.488095 0.498007
6.28e+09 0.0139058 0.48791 0.498184
6.29e+09 0.013868 0.489157 0.496975
6.3e+09 0.0138419 0.490039 0.496119
6.31e+09 0.0138037 0.491289 0.494908
6.32e+09 0.0137457 0.493175 0.493079
6.33e+09 0.0136708 0.49559 0.490739
6.34e+09 0.013631 0.4969 0.489469
6.35e+09 0.0136012 0.497894 0.488504
6.36e+09 0.0135482 0.499627 0.486825
6.37e+09 0.0135181 0.500634 0.485848
6.38e+09 0.0134986 0.501301 0.485201
6.39e+09 0.0134567 0.502683 0.483861
6.4e+09 0.0134273 0.503668 0.482904
6.41e+09 0.0133715 0.505488 0.48114
6.42e+09 0.0133808 0.50524 0.481379
6.43e+09 0.0133228 0.507138 0.479539
6.44e+09 0.0132636 0.509069 0.477667
6.45e+09 0.0132355 0.510017 0.476748
6.46e+09 0.0132033 0.511089 0.475708
6.47e+09 0.0132074 0.511006 0.475786
6.48e+09 0.013145 0.513047 0.473808
6.49e+09 0.0130757 0.51531 0.471614
6.5e+09 0.0130692 0.515558 0.471372
6.51e+09 0.0130189 0.517218 0.469764
6.52e+09 0.0129172 0.520521 0.466562
6.53e+09 0.0129244 0.520335 0.46674
6.54e+09 0.0128909 0.521455 0.465654
6.55e+09 0.0128903 0.521519 0.465591
6.56e+09 0.0128493 0.52288 0.464271
6.57e+09 0.0128095 0.5242 0.462991
6.58e+09 0.0127832 0.525094 0.462123
6.59e+09 0.0127677 0.525635 0.461597
6.6e+09 0.0127626 0.525844 0.461393
6.61e+09 0.0126968 0.528001 0.459302
6.62e+09 0.0126655 0.529055 0.45828
6.63e+09 0.0125825 0.531774 0.455643
6.64e+09 0.01252 0.533832 0.453648
6.65e+09 0.0125096 0.53421 0.45328
6.66e+09 0.012483 0.535112 0.452405
6.67e+09 0.0124381 0.536606 0.450956
6.68e+09 0.0124094 0.537577 0.450014
6.69e+09 0.0124417 0.536577 0.450982
6.7e+09 0.0123648 0.5391 0.448535
6.71e+09 0.0123532 0.539519 0.448128
6.72e+09 0.0122943 0.541471 0.446235
6.73e+09 0.012294 0.541517 0.446189
6.74e+09 0.0121984 0.544662 0.44314
6.75e+09 0.0121967 0.544757 0.443046
6.76e+09 0.0121618 0.545929 0.441909
6.77e+09 0.0121679 0.54577 0.442062
6.78e+09 0.0121169 0.547464 0.440419
6.79e+09 0.0120577 0.549437 0.438505
6.8e+09 0.0120103 0.551018 0.436972
6.81e+09 0.0120109 0.551033 0.436956
6.82e+09 0.0119791 0.552109 0.435912
6.83e+09 0.0119481 0.55316 0.434891
6.84e+09 0.0119422 0.553388 0.43467
6.85e+09 0.0118744 0.55564 0.432486
6.86e+09 0.0118142 0.557648 0.430537
6.87e+09 0.0118013 0.558106 0.430093
6.88e+09 0.0118061 0.557978 0.430216
6.89e+09 0.0117553 0.559683 0.428562
6.9e+09 0.0117536 0.559773 0.428473
6.91e+09 0.0117481 0.559988 0.428264
6.92e+09 0.0116849 0.562094 0.426221
6.93e+09 0.0116598 0.562951 0.425389
6.94e+09 0.0115942 0.565141 0.423264
6.95e+09 0.011577 0.565738 0.422685
6.96e+09 0.0115169 0.567754 0.420729
6.97e+09 0.0114657 0.569474 0.41906
6.98e+09 0.0114465 0.570142 0.418412
6.99e+09 0.0114308 0.570688 0.417881
7e+09 0.0113676 0.572806 0.415826
7.01e+09 0.0113643 0.572951 0.415685
7.02e+09 0.0113382 0.573844 0.414818
7.03e+09 0.0113307 0.57412 0.41455
7.04e+09 0.0113164 0.574624 0.414059
7.05e+09 0.0113191 0.574568 0.414113
7.06e+09 0.0112719 0.576158 0.41257
7.07e+09 0.011234 0.577442 0.411324
7.08e+09 0.0111697 0.579604 0.409226
7.09e+09 0.0111882 0.579024 0.409788
7.1e+09 0.0111585 0.580034 0.408808
7.11e+09 0.0111113 0.581632 0.407257
7.12e+09 0.0110924 0.582286 0.406622
7.13e+09 0.0110443 0.583909 0.405046
7.14e+09 0.0110279 0.584489 0.404483
7.15e+09 0.0109394 0.587463 0.401598
7.16e+09 0.0109446 0.587317 0.401738
7.17e+09 0.010881 0.589467 0.399652
7.18e+09 0.0108607 0.590171 0.398968
7.19e+09 0.0108476 0.590636 0.398517
7.2e+09 0.0108108 0.59189 0.397299
7.21e+09 0.0108305 0.59126 0.39791
7.22e+09 0.0108138 0.591843 0.397343
7.23e+09 0.0107731 0.59323 0.395997
7.24e+09 0.0107627 0.593602 0.395636
7.25e+09 0.0106784 0.596451 0.39287
7.26e+09 0.0106766 0.596535 0.392788
7.27e+09 0.0106743 0.596639 0.392687
7.28e+09 0.0106145 0.59867 0.390716
7.29e+09 0.0106345 0.598022 0.391343
7.3e+09 0.0105594 0.600567 0.388874
7.31e+09 0.0105265 0.601693 0.387781
7.32e+09 0.010512 0.60221 0.387278
7.33e+09 0.0104849 0.603144 0.386371
7.34e+09 0.0103916 0.606307 0.383301
7.35e+09 0.0104082 0.605775 0.383817
7.36e+09 0.0104058 0.605874 0.383721
7.37e+09 0.0103475 0.607864 0.381788
7.38e+09 0.0103749 0.606962 0.382663
7.39e+09 0.0103037 0.609389 0.380307
7.4e+09 0.0103248 0.608699 0.380977
7.41e+09 0.0103158 0.609022 0.380662
7.42e+09 0.0102335 0.611822 0.377944
7.43e+09 0.010226 0.612099 0.377675
7.44e+09 0.0102355 0.611799 0.377966
7.45e+09 0.0101808 0.613673 0.376146
7.46e+09 0.0101577 0.614476 0.375366
7.47e+09 0.0101412 0.615053 0.374805
7.48e+09 0.0101193 0.615816 0.374064
7.49e+09 0.0100983 0.61655 0.373352
7.5e+09 0.0100876 0.616933 0.37298
7.51e+09 0.0100675 0.617633 0.372299
7.52e+09 0.0100031 0.619841 0.370156
7.53e+09 0.00998345 0.62053 0.369487
7.54e+09 0.00994242 0.621941 0.368116
7.55e+09 0.00990962 0.623074 0.367016
7.56e+09 0.00989724 0.623517 0.366586
7.57e+09 0.0098387 0.625531 0.364631
7.58e+09 0.0098211 0.626148 0.364031
7.59e+09 0.00980594 0.626685 0.363509
7.6e+09 0.00977178 0.627868 0.36236
7.61e+09 0.00979754 0.627007 0.363196
7.62e+09 0.00976424 0.628161 0.362075
7.63e+09 0.0097625 0.628238 0.361999
7.64e+09 0.0097095 0.630065 0.360225
7.65e+09 0.00971064 0.630046 0.360243
7.66e+09 0.00964417 0.632336 0.35802
7.67e+09 0.00969237 0.630704 0.359604
7.68e+09 0.00960354 0.633759 0.356638
7.69e+09 0.00958787 0.634312 0.3561
7.7e+09 0.0095887 0.634302 0.35611
7.71e+09 0.00954155 0.635932 0.354526
7.72e+09 0.00947492 0.638238 0.352287
7.73e+09 0.00947555 0.638232 0.352292
7.74e+09 0.00946242 0.6387 0.351838
7.75e+09 0.00941632 0.640298 0.350286
7.76e+09 0.00940524 0.640695 0.3499
7.77e+09 0.00940673 0.64066 0.349933
7.78e+09 0.00937033 0.64193 0.3487
7.79e+09 0.00937605 0.641748 0.348876
7.8e+09 0.00930661 0.644151 0.346543
7.81e+09 0.00929627 0.644523 0.346181
7.82e+09 0.0092914 0.644707 0.346002
7.83e+09 0.0092725 0.645372 0.345356
7.84e+09 0.00925926 0.645845 0.344896
7.85e+09 0.00924877 0.64622 0.344531
7.86e+09 0.00924666 0.646309 0.344444
7.87e+09 0.00919144 0.648227 0.342581
7.88e+09 0.00919878 0.647988 0.342814
7.89e+09 0.00916534 0.649156 0.341678
7.9e+09 0.00912326 0.650624 0.340253
7.91e+09 0.00911382 0.650964 0.339922
7.92e+09 0.00907831 0.652207 0.338715
7.93e+09 0.00908281 0.652064 0.338853
7.94e+09 0.00900264 0.654854 0.336143
7.95e+09 0.00901211 0.65454 0.336448
7.96e+09 0.00896434 0.656209 0.334827
7.97e+09 0.00889221 0.658725 0.332383
7.98e+09 0.00894774 0.656812 0.334241
7.99e+09 0.00886105 0.659834 0.331305
8e+09 0.00887804 0.659256 0.331866
8.01e+09 0.00888369 0.659073 0.332044
8.02e+09 0.00884264 0.660511 0.330646
8.03e+09 0.00883609 0.66075 0.330414
8.04e+09 0.00883677 0.660741 0.330423
8.05e+09 0.00879617 0.662162 0.329042
8.06e+09 0.00877611 0.662873 0.32835
8.07e+09 0.0087717 0.663039 0.328189
8.08e+09 0.00871927 0.664877 0.326404
8.09e+09 0.00870462 0.6654 0.325896
8.1e+09 0.00871149 0.665172 0.326117
8.11e+09 0.00868099 0.666246 0.325073
8.12e+09 0.00867595 0.666434 0.32489
8.13e+09 0.00866815 0.666717 0.324615
8.14e+09 0.00864254 0.667621 0.323737
8.15e+09 0.00860749 0.668856 0.322537
8.16e+09 0.00864 0.667733 0.323627
8.17e+09 0.00851988 0.671941 0.319539
8.18e+09 0.00850612 0.672434 0.31906
8.19e+09 0.00847698 0.673464 0.318059
8.2e+09 0.0084642 0.673922 0.317614
8.21e+09 0.00849997 0.672682 0.318818
8.22e+09 0.00845294 0.67434 0.317208
8.23e+09 0.00842798 0.675223 0.316349
8.24e+09 0.00842006 0.67551 0.31607
8.25e+09 0.00834711 0.678079 0.313574
8.26e+09 0.00838539 0.676746 0.314868
8.27e+09 0.00832402 0.678911 0.312765
8.28e+09 0.00831531 0.679226 0.312459
8.29e+09 0.00829536 0.679937 0.311768
8.3e+09 0.00828407 0.680342 0.311374
8.31e+09 0.00828458 0.680333 0.311382
8.32e+09 0.00826562 0.68101 0.310724
8.33e+09 0.00823038 0.68226 0.30951
8.34e+09 0.00819492 0.683517 0.308288
8.35e+09 0.00819139 0.68365 0.308159
8.36e+09 0.00815033 0.685106 0.306743
8.37e+09 0.00815713 0.684875 0.306968
8.38e+09 0.00817626 0.684208 0.307615
8.39e+09 0.00811651 0.686325 0.305559
8.4e+09 0.00809156 0.687212 0.304696
8.41e+09 0.00812202 0.686146 0.305732
8.42e+09 0.00804252 0.688963 0.302994
8.43e+09 0.00803956 0.689076 0.302885
8.44e+09 0.00800988 0.690132 0.301858
8.45e+09 0.00801875 0.689827 0.302154
8.46e+09 0.00799253 0.690762 0.301245
8.47e+09 0.00799216 0.690783 0.301225
8.48e+09 0.00796018 0.691922 0.300117
8.49e+09 0.00791196 0.693637 0.298451
8.5e+09 0.00794805 0.692367 0.299685
8.51e+09 0.00790586 0.693869 0.298225
8.52e+09 0.00788042 0.694779 0.297341
8.53e+09 0.00787184 0.695089 0.297039
8.54e+09 0.00787928 0.694833 0.297288
8.55e+09 0.0078135 0.697173 0.295014
8.56e+09 0.00783998 0.696241 0.295919
8.57e+09 0.0078198 0.696964 0.295216
8.58e+09 0.00779846 0.697728 0.294473
8.59e+09 0.00775636 0.699231 0.293013
8.6e+09 0.00778021 0.698392 0.293828
8.61e+09 0.00771865 0.700585 0.291697
8.62e+09 0.00772097 0.700509 0.29177
8.63e+09 0.00768455 0.701812 0.290503
8.64e+09 0.00769741 0.701361 0.290942
8.65e+09 0.00768529 0.701798 0.290516
8.66e+09 0.00764962 0.703075 0.289275
8.67e+09 0.00764604 0.70321 0.289144
8.68e+09 0.00760932 0.704524 0.287866
8.69e+09 0.00757901 0.705612 0.286809
8.7e+09 0.00758224 0.705503 0.286915
8.71e+09 0.00753078 0.707344 0.285125
8.72e+09 0.00755152 0.70661 0.285838
8.73e+09 0.00751117 0.708056 0.284432
8.74e+09 0.00749888 0.708501 0.284
8.75e+09 0.0074773 0.709279 0.283244
8.76e+09 0.00747292 0.70944 0.283087
8.77e+09 0.00743853 0.710677 0.281885
8.78e+09 0.00745924 0.709941 0.2826
8.79e+09 0.00740029 0.712056 0.280544
8.8e+09 0.00742091 0.711323 0.281257
8.81e+09 0.00744625 0.710421 0.282133
8.82e+09 0.00741861 0.711416 0.281166
8.83e+09 0.00738851 0.712498 0.280114
8.84e+09 0.0073348 0.714428 0.278237
8.85e+09 0.00729792 0.715756 0.276946
8.86e+09 0.00730369 0.715554 0.277142
8.87e+09 0.00728702 0.716157 0.276556
8.88e+09 0.00729433 0.715899 0.276807
8.89e+09 0.00724607 0.717637 0.275117
8.9e+09 0.00724965 0.717512 0.275238
8.91e+09 0.00726416 0.716996 0.27574
8.92e+09 0.0072333 0.718109 0.274658
8.93e+09 0.00723677 0.717989 0.274774
8.94e+09 0.00720843 0.719012 0.27378
8.95e+09 0.00721627 0.718734 0.27405
8.96e+09 0.00714838 0.721182 0.27167
8.97e+09 0.00713246 0.721759 0.271109
8.98e+09 0.00710104 0.722895 0.270004
8.99e+09 0.00710013 0.722932 0.269968
9e+09 0.00704985 0.724749 0.268202
9.01e+09 0.00702893 0.725508 0.267463
9.02e+09 0.00703525 0.725283 0.267682
9.03e+09 0.00701494 0.72602 0.266965
9.04e+09 0.0070197 0.725852 0.267128
9.05e+09 0.00700459 0.726401 0.266594
9.06e+09 0.00699434 0.726775 0.266231
9.07e+09 0.00696142 0.727968 0.265071
9.08e+09 0.00698403 0.727154 0.265862
9.09e+09 0.00696386 0.727887 0.265149
9.1e+09 0.00696833 0.727728 0.265303
9.11e+09 0.0069409 0.728724 0.264335
9.12e+09 0.00692995 0.729122 0.263948
9.13e+09 0.00688211 0.730857 0.26226
9.14e+09 0.00689996 0.730214 0.262886
9.15e+09 0.00688334 0.730819 0.262298
9.16e+09 0.00687172 0.731243 0.261885
9.17e+09 0.00687738 0.731041 0.262081
9.18e+09 0.00685516 0.731848 0.261296
9.19e+09 0.0068321 0.732688 0.26048
9.2e+09 0.00679704 0.733961 0.259242
9.21e+09 0.00680454 0.733692 0.259504
9.22e+09 0.00679173 0.73416 0.259048
9.23e+09 0.00678518 0.7344 0.258815
9.24e+09 0.00675222 0.735598 0.257649
9.25e+09 0.00670041 0.737484 0.255815
9.26e+09 0.00669488 0.737688 0.255617
9.27e+09 0.00667118 0.738552 0.254777
9.28e+09 0.00668612 0.738012 0.255302
9.29e+09 0.00666215 0.738886 0.254452
9.3e+09 0.0066691 0.738635 0.254696
9.31e+09 0.00662195 0.740353 0.253025
9.32e+09 0.00663451 0.739899 0.253467
9.33e+09 0.00660514 0.74097 0.252425
9.34e+09 0.00659002 0.741524 0.251886
9.35e+09 0.00656114 0.742578 0.250861
9.36e+09 0.00656674 0.742375 0.251058
9.37e+09 0.00655097 0.742953 0.250496
9.38e+09 0.00658829 0.741595 0.251817
9.39e+09 0.00650182 0.74475 0.248748
9.4e+09 0.00654621 0.743132 0.250321
9.41e+09 0.00650931 0.744481 0.24901
9.42e+09 0.0064955 0.744986 0.248518
9.43e+09 0.00646204 0.74621 0.247327
9.44e+09 0.00646686 0.746036 0.247497
9.45e+09 0.00643685 0.747135 0.246428
9.46e+09 0.00644526 0.746829 0.246726
9.47e+09 0.00644015 0.747017 0.246542
9.48e+09 0.00639182 0.748786 0.244822
9.49e+09 0.00641563 0.747917 0.245667
9.5e+09 0.00638923 0.748884 0.244726
9.51e+09 0.00637029 0.749579 0.244051
9.52e+09 0.00638058 0.749204 0.244416
9.53e+09 0.00635303 0.750214 0.243433
9.54e+09 0.0063689 0.749634 0.243997
9.55e+09 0.00635692 0.750074 0.243569
9.56e+09 0.00633588 0.750846 0.242818
9.57e+09 0.00627975 0.752906 0.240814
9.58e+09 0.00626972 0.753275 0.240455
9.59e+09 0.00627114 0.753224 0.240505
9.6e+09 0.00626685 0.753382 0.240351
9.61e+09 0.00622622 0.754875 0.238899
9.62e+09 0.00623313 0.754622 0.239145
9.63e+09 0.00622597 0.754886 0.238888
9.64e+09 0.00620228 0.755757 0.23804
9.65e+09 0.00618246 0.756487 0.23733
9.66e+09 0.00615887 0.757356 0.236485
9.67e+09 0.00617132 0.756898 0.23693
9.68e+09 0.00614391 0.757907 0.235949
9.69e+09 0.00611602 0.758935 0.234949
9.7e+09 0.00609463 0.759724 0.234182
9.71e+09 0.00612149 0.758735 0.235144
9.72e+09 0.00611486 0.75898 0.234906
9.73e+09 0.00610271 0.759428 0.23447
9.74e+09 0.00609553 0.759693 0.234212
9.75e+09 0.0060726 0.760538 0.233389
9.76e+09 0.00605283 0.761268 0.23268
9.77e+09 0.00600437 0.763056 0.230939
9.78e+09 0.00605289 0.761266 0.232681
9.79e+09 0.00599898 0.763256 0.230745
9.8e+09 0.00601927 0.762507 0.231474
9.81e+09 0.00599536 0.76339 0.230615
9.82e+09 0.00598253 0.763864 0.230153
9.83e+09 0.00595126 0.76502 0.229029
9.84e+09 0.00597122 0.764282 0.229746
9.85e+09 0.00593145 0.765752 0.228316
9.86e+09 0.00592523 0.765983 0.228092
9.87e+09 0.0059182 0.766243 0.227839
9.88e+09 0.00592032 0.766164 0.227915
9.89e+09 0.00593133 0.765757 0.228311
9.9e+09 0.00590569 0.766706 0.227389
9.91e+09 0.00587027 0.768017 0.226113
9.92e+09 0.0058392 0.769168 0.224993
9.93e+09 0.00584121 0.769093 0.225066
9.94e+09 0.00582882 0.769552 0.224619
9.95e+09 0.00583055 0.769488 0.224681
9.96e+09 0.00581811 0.769949 0.224233
9.97e+09 0.00578679 0.77111 0.223103
9.98e+09 0.00578092 0.771328 0.222891
9.99e+09 0.00575938 0.772127 0.222114
1e+10 0.00575403 0.772325 0.221921
