1e+07 0.00040344 0.367494 0.632102
2e+07 0.00208972 0.807061 0.190849
3e+07 0.020014 0.540638 0.439348
4e+07 0.0146786 0.050108 0.935213
5e+07 0.00751431 0.0194217 0.973064
6e+07 0.0034619 0.129776 0.866763
7e+07 0.000677997 0.683396 0.315926
8e+07 0.0199581 0.602183 0.377859
9e+07 0.0156098 0.0719418 0.912448
1e+08 6.93802e-05 0.565525 0.434406
1.1e+08 0.00916952 0.00356258 0.987268
1.2e+08 0.000633719 0.678048 0.321318
1.3e+08 1.18805e-05 0.482662 0.517326
1.4e+08 0.0158995 0.0780959 0.906005
1.5e+08 0.0016789 0.777143 0.221178
1.6e+08 0.0163907 0.881816 0.101793
1.7e+08 0.0202101 0.591405 0.388385
1.8e+08 0.0200105 0.628817 0.351173
1.9e+08 0.0155725 0.909971 0.0744563
2e+08 0.00330256 0.868385 0.128312
2.1e+08 0.00409677 0.107613 0.88829
2.2e+08 0.0204868 0.465111 0.514403
2.3e+08 0.00201954 0.800643 0.197337
2.4e+08 0.0163413 0.0890067 0.894652
2.5e+08 0.00451934 0.912172 0.0833084
2.6e+08 0.0177871 0.148927 0.833285
2.7e+08 0.000552535 0.66632 0.333128
2.8e+08 0.0200761 0.636429 0.343495
2.9e+08 0.00565698 0.058234 0.936109
3e+08 0.00556739 0.939089 0.0553435
3.1e+08 0.020645 0.499119 0.480236
3.2e+08 0.00697368 0.0302115 0.962815
3.3e+08 0.00150839 0.759771 0.238721
3.4e+08 0.0168243 0.87666 0.106515
3.5e+08 0.0183419 0.17056 0.811099
3.6e+08 0.00417264 0.103355 0.892472
3.7e+08 0.00133937 0.744186 0.254475
3.8e+08 0.0132212 0.969724 0.0170546
3.9e+08 0.0209056 0.501709 0.477385
4e+08 0.0141895 0.0299548 0.955856
4.1e+08 0.00297494 0.154074 0.842951
4.2e+08 0.0005542 0.658737 0.340709
4.3e+08 0.0086257 0.98227 0.00910386
4.4e+08 0.0182813 0.827497 0.154221
4.5e+08 0.0208953 0.383489 0.595616
4.6e+08 0.0152425 0.0483079 0.93645
4.7e+08 0.00620554 0.0465436 0.947251
4.8e+08 0.000444986 0.357306 0.642249
4.9e+08 0.00144026 0.746819 0.25174
5e+08 0.0077782 0.971832 0.0203899
5.1e+08 0.0154886 0.934982 0.0495297
5.2e+08 0.020617 0.679847 0.299536
5.3e+08 0.0209642 0.341531 0.637505
5.4e+08 0.0168835 0.0863801 0.896736
5.5e+08 0.0103007 0.000667405 0.989032
5.6e+08 0.00429842 0.101351 0.894351
5.7e+08 0.000539269 0.343204 0.656256
5.8e+08 0.000355057 0.622857 0.376788
5.9e+08 0.00363883 0.866139 0.130222
6e+08 0.00848724 0.977483 0.0140295
6.1e+08 0.0141257 0.966123 0.019751
6.2e+08 0.0188986 0.830388 0.150714
6.3e+08 0.0214787 0.626341 0.35218
6.4e+08 0.0217472 0.402456 0.575797
6.5e+08 0.0197208 0.192574 0.787705
6.6e+08 0.0161238 0.0557064 0.92817
6.7e+08 0.0115781 0.000542463 0.987879
6.8e+08 0.00708308 0.0337332 0.959184
6.9e+08 0.0034505 0.136907 0.859642
7e+08 0.000864227 0.305075 0.694061
7.1e+08 2.87609e-06 0.484997 0.515
7.2e+08 0.000672324 0.665227 0.334101
7.3e+08 0.00269067 0.817574 0.179735
7.4e+08 0.00570405 0.926122 0.068174
7.5e+08 0.00926504 0.981475 0.00925949
7.6e+08 0.0131228 0.981243 0.0056337
7.7e+08 0.0165144 0.930316 0.0531698
7.8e+08 0.0194617 0.832336 0.148203
7.9e+08 0.0215068 0.702904 0.275589
8e+08 0.022463 0.575052 0.402485
8.1e+08 0.0225642 0.427438 0.549998
8.2e+08 0.0217158 0.291003 0.687281
8.3e+08 0.0201127 0.176916 0.802971
8.4e+08 0.0177321 0.0824926 0.899775
8.5e+08 0.0151196 0.0262822 0.958598
8.6e+08 0.0121888 0.00099758 0.986814
8.7e+08 0.00933562 0.008873 0.981791
8.8e+08 0.00667507 0.0459785 0.947346
8.9e+08 0.00436037 0.107535 0.888105
9e+08 0.00246524 0.189505 0.808029
9.1e+08 0.00104819 0.289474 0.709478
9.2e+08 0.000231711 0.396906 0.602863
9.3e+08 3.63565e-06 0.507802 0.492195
9.4e+08 0.000336002 0.613288 0.386376
9.5e+08 0.0011232 0.706569 0.292308
9.6e+08 0.00241428 0.795859 0.201726
9.7e+08 0.00400398 0.866854 0.129142
9.8e+08 0.00595648 0.924838 0.0692053
9.9e+08 0.00822032 0.96591 0.0258697
1e+09 0.0103084 0.984462 0.00523005
1.01e+09 0.0125792 0.986844 0.000576911
1.02e+09 0.0148378 0.971022 0.0141399
1.03e+09 0.0168245 0.941059 0.0421164
1.04e+09 0.0187775 0.893519 0.0877036
1.05e+09 0.0203018 0.840457 0.139242
1.06e+09 0.0216034 0.777802 0.200595
1.07e+09 0.022693 0.702712 0.274595
1.08e+09 0.0233661 0.634688 0.341946
1.09e+09 0.0238158 0.555956 0.420228
1.1e+09 0.0239533 0.475915 0.500132
1.11e+09 0.0237823 0.397488 0.578729
1.12e+09 0.0233391 0.325217 0.651444
1.13e+09 0.0226507 0.258128 0.719221
1.14e+09 0.0217949 0.200535 0.77767
1.15e+09 0.0206798 0.145372 0.833948
1.16e+09 0.0193958 0.0983289 0.882275
1.17e+09 0.0180611 0.0622933 0.919646
1.18e+09 0.0165015 0.0320414 0.951457
1.19e+09 0.0148404 0.0114774 0.973682
1.2e+09 0.0134958 0.00270138 0.983803
1.21e+09 0.011654 0.000696445 0.98765
1.22e+09 0.0101161 0.00799481 0.981889
1.23e+09 0.00861247 0.0232286 0.968159
1.24e+09 0.00724213 0.0445677 0.94819
1.25e+09 0.00599299 0.0710131 0.922994
1.26e+09 0.00477231 0.1049 0.890328
1.27e+09 0.00376238 0.139961 0.856277
1.28e+09 0.00274698 0.184928 0.812325
1.29e+09 0.00197019 0.227755 0.770275
1.3e+09 0.00121939 0.282117 0.716663
1.31e+09 0.000689951 0.333408 0.665902
1.32e+09 0.000316902 0.384844 0.614839
1.33e+09 7.9297e-05 0.440187 0.559734
1.34e+09 1.71708e-08 0.496968 0.503032
1.35e+09 5.50051e-05 0.541498 0.458447
1.36e+09 0.000244309 0.592124 0.407632
1.37e+09 0.000578489 0.643366 0.356056
1.38e+09 0.000993352 0.687037 0.311969
1.39e+09 0.00156129 0.732785 0.265654
1.4e+09 0.00219377 0.772546 0.22526
1.41e+09 0.00290465 0.808866 0.188229
1.42e+09 0.00375293 0.844749 0.151498
1.43e+09 0.00459158 0.873679 0.12173
1.44e+09 0.00561467 0.90327 0.091115
1.45e+09 0.00656819 0.925342 0.06809
1.46e+09 0.00752691 0.943363 0.04911
1.47e+09 0.00868468 0.960837 0.0304781
1.48e+09 0.00987962 0.973904 0.0162167
1.49e+09 0.0107543 0.980175 0.00907086
1.5e+09 0.0119799 0.985682 0.00233789
1.51e+09 0.0131871 0.986765 4.83667e-05
1.52e+09 0.0142781 0.984176 0.00154577
1.53e+09 0.0153329 0.978507 0.00616045
1.54e+09 0.0164734 0.968638 0.0148889
1.55e+09 0.0174144 0.957811 0.024775
1.56e+09 0.0184386 0.942601 0.0389608
1.57e+09 0.0192788 0.927854 0.0528673
1.58e+09 0.0202737 0.906244 0.0734824
1.59e+09 0.021188 0.882647 0.0961652
1.6e+09 0.0218993 0.862238 0.115863
1.61e+09 0.0226137 0.838583 0.138803
1.62e+09 0.0234124 0.806877 0.169711
1.63e+09 0.0239144 0.786008 0.190078
1.64e+09 0.0246176 0.749102 0.226281
1.65e+09 0.0250365 0.725806 0.249157
1.66e+09 0.0255389 0.69139 0.283071
1.67e+09 0.0259278 0.660586 0.313486
1.68e+09 0.0262443 0.630993 0.342762
1.69e+09 0.0265168 0.599878 0.373605
1.7e+09 0.0267455 0.565844 0.40741
1.71e+09 0.0269101 0.531019 0.442071
1.72e+09 0.0270097 0.495448 0.477543
1.73e+09 0.0270467 0.465565 0.507389
1.74e+09 0.0270326 0.435201 0.537766
1.75e+09 0.0269824 0.408731 0.564286
1.76e+09 0.0268696 0.378721 0.594409
1.77e+09 0.0267125 0.350197 0.62309
1.78e+09 0.0264539 0.315526 0.65802
1.79e+09 0.0262425 0.293041 0.680716
1.8e+09 0.0259612 0.267863 0.706175
1.81e+09 0.0256748 0.246067 0.728258
1.82e+09 0.0252862 0.220097 0.754617
1.83e+09 0.0248696 0.196072 0.779058
1.84e+09 0.0244494 0.175094 0.800457
1.85e+09 0.0240351 0.156799 0.819166
1.86e+09 0.0235489 0.137404 0.839047
1.87e+09 0.0229894 0.117505 0.859505
1.88e+09 0.0224314 0.100113 0.877456
1.89e+09 0.0219782 0.0878321 0.89019
1.9e+09 0.0214177 0.0738831 0.904699
1.91e+09 0.0207859 0.0598657 0.919348
1.92e+09 0.0201225 0.0470885 0.932789
1.93e+09 0.0195773 0.0381757 0.942247
1.94e+09 0.0190776 0.0310466 0.949876
1.95e+09 0.0181998 0.0198375 0.961963
1.96e+09 0.0177762 0.0158306 0.966393
1.97e+09 0.016747 0.00724136 0.976012
1.98e+09 0.0162723 0.00468605 0.979042
1.99e+09 0.0156569 0.00212975 0.982213
2e+09 0.0149292 0.00039582 0.984675
2.01e+09 0.0144438 5.5669e-05 0.985501
2.02e+09 0.0138171 0.00048865 0.985694
2.03e+09 0.0130366 0.00255134 0.984412
2.04e+09 0.0124799 0.00490985 0.98261
2.05e+09 0.0119864 0.00758142 0.980432
2.06e+09 0.0112032 0.0135614 0.975235
2.07e+09 0.0106933 0.0180744 0.971232
2.08e+09 0.0100046 0.0256892 0.964306
2.09e+09 0.00962641 0.0298974 0.960476
2.1e+09 0.00893723 0.0397348 0.951328
2.11e+09 0.00830511 0.0500256 0.941669
2.12e+09 0.00785294 0.0577432 0.934404
2.13e+09 0.007389 0.0664485 0.926163
2.14e+09 0.00697398 0.0746741 0.918352
2.15e+09 0.00632376 0.0901815 0.903495
2.16e+09 0.00578242 0.104232 0.889986
2.17e+09 0.00536476 0.115535 0.879101
2.18e+09 0.00488441 0.130098 0.865018
2.19e+09 0.00459891 0.138334 0.857067
2.2e+09 0.00407693 0.157061 0.838862
2.21e+09 0.00366896 0.17258 0.823751
2.22e+09 0.003347 0.185233 0.81142
2.23e+09 0.00300709 0.199883 0.79711
2.24e+09 0.00277842 0.209442 0.787779
2.25e+09 0.00234965 0.232095 0.765555
2.26e+09 0.00201209 0.251388 0.7466
2.27e+09 0.00178105 0.264835 0.733384
2.28e+09 0.00157539 0.277504 0.720921
2.29e+09 0.00143952 0.285309 0.713251
2.3e+09 0.00115478 0.307709 0.691136
2.31e+09 0.000884983 0.33227 0.666845
2.32e+09 0.000749714 0.34448 0.65477
2.33e+09 0.000581006 0.362946 0.636473
2.34e+09 0.000449476 0.378973 0.620578
2.35e+09 0.000378318 0.387124 0.612498
2.36e+09 0.000252315 0.40785 0.591898
2.37e+09 0.000138724 0.432438 0.567423
2.38e+09 8.62702e-05 0.445826 0.554088
2.39e+09 5.05791e-05 0.457033 0.542917
2.4e+09 9.0166e-06 0.481778 0.518213
2.41e+09 1.21176e-06 0.491069 0.508929
2.42e+09 2.23022e-06 0.505194 0.494804
2.43e+09 2.2385e-05 0.523814 0.476163
2.44e+09 5.48996e-05 0.538479 0.461467
2.45e+09 0.000113777 0.557139 0.442747
2.46e+09 0.00016826 0.569117 0.430714
2.47e+09 0.0002325 0.580874 0.418893
2.48e+09 0.000361682 0.602845 0.396794
2.49e+09 0.000471398 0.617295 0.382234
2.5e+09 0.000599439 0.63219 0.367211
2.51e+09 0.000723333 0.644562 0.354715
2.52e+09 0.00085992 0.65696 0.34218
2.53e+09 0.000969961 0.665227 0.333803
2.54e+09 0.00121467 0.685892 0.312894
2.55e+09 0.00137409 0.696587 0.302038
2.56e+09 0.00152935 0.706041 0.292429
2.57e+09 0.00174853 0.719707 0.278545
2.58e+09 0.00202694 0.736328 0.261645
2.59e+09 0.00215957 0.741783 0.256057
2.6e+09 0.0024817 0.75891 0.238609
2.61e+09 0.00275666 0.771717 0.225526
2.62e+09 0.00314903 0.789764 0.207087
2.63e+09 0.00326084 0.792182 0.204558
2.64e+09 0.00352842 0.802158 0.194313
2.65e+09 0.0037745 0.810516 0.18571
2.66e+09 0.00407376 0.820739 0.175188
2.67e+09 0.00448015 0.834639 0.160881
2.68e+09 0.00467961 0.839496 0.155825
2.69e+09 0.0050976 0.852264 0.142638
2.7e+09 0.00538647 0.859588 0.135026
2.71e+09 0.00568892 0.866949 0.127362
2.72e+09 0.00602803 0.875068 0.118904
2.73e+09 0.00645968 0.885409 0.108131
2.74e+09 0.00663788 0.887899 0.105463
2.75e+09 0.00702994 0.896146 0.0968237
2.76e+09 0.00752401 0.906409 0.0860672
2.77e+09 0.00779912 0.910694 0.0815067
2.78e+09 0.0080054 0.913182 0.0788123
2.79e+09 0.00868496 0.925799 0.0655159
2.8e+09 0.00880993 0.926195 0.0649951
2.81e+09 0.00929737 0.933664 0.0570382
2.82e+09 0.00947838 0.935008 0.0555135
2.83e+09 0.0102139 0.945748 0.0440376
2.84e+09 0.0103163 0.945564 0.0441193
2.85e+09 0.0107759 0.950854 0.0383703
2.86e+09 0.0112178 0.955402 0.0333804
2.87e+09 0.0116157 0.959024 0.0293605
2.88e+09 0.0119604 0.961712 0.0263278
2.89e+09 0.0124704 0.965975 0.0215543
2.9e+09 0.0127968 0.967987 0.0192157
2.91e+09 0.0132879 0.971281 0.0154315
2.92e+09 0.0136113 0.97284 0.0135488
2.93e+09 0.0141232 0.97559 0.0102868
2.94e+09 0.0145121 0.977158 0.0083297
2.95e+09 0.0147615 0.977768 0.00747064
2.96e+09 0.0151662 0.979085 0.0057484
2.97e+09 0.0158375 0.981095 0.00306797
2.98e+09 0.016109 0.981399 0.00249246
2.99e+09 0.0165254 0.981932 0.00154242
3e+09 0.0169369 0.982222 0.000840932
3.01e+09 0.0172998 0.982267 0.000433592
3.02e+09 0.0177171 0.982137 0.000145913
3.03e+09 0.0179725 0.981934 9.36908e-05
3.04e+09 0.0184356 0.981397 0.000166959
3.05e+09 0.0190772 0.980048 0.000875084
3.06e+09 0.0196113 0.978445 0.00194385
3.07e+09 0.0195925 0.978908 0.00149933
3.08e+09 0.0202306 0.976509 0.00326039
3.09e+09 0.0204462 0.975932 0.0036213
3.1e+09 0.0209174 0.9738 0.00528309
3.11e+09 0.0211994 0.972685 0.00611586
3.12e+09 0.0216263 0.970438 0.00793537
3.13e+09 0.0220817 0.967714 0.0102043
3.14e+09 0.0222896 0.966941 0.0107697
3.15e+09 0.0229178 0.962163 0.0149194
3.16e+09 0.0232749 0.9597 0.0170252
3.17e+09 0.0234389 0.959241 0.0173198
3.18e+09 0.0240462 0.953641 0.0223131
3.19e+09 0.0243515 0.951354 0.0242945
3.2e+09 0.0248145 0.946855 0.0283308
3.21e+09 0.0253093 0.941586 0.0331047
3.22e+09 0.025472 0.941026 0.0335021
3.23e+09 0.0257738 0.938353 0.0358732
3.24e+09 0.0264007 0.930201 0.0433981
3.25e+09 0.0266236 0.92855 0.0448267
3.26e+09 0.0270367 0.923431 0.0495326
3.27e+09 0.0271645 0.923431 0.0494042
3.28e+09 0.0276315 0.91702 0.0553485
3.29e+09 0.0279856 0.912519 0.0594949
3.3e+09 0.0283052 0.908587 0.063108
3.31e+09 0.0287751 0.901169 0.0700557
3.32e+09 0.0291468 0.895619 0.0752345
3.33e+09 0.0293184 0.894657 0.0760244
3.34e+09 0.0298299 0.885361 0.0848095
3.35e+09 0.0300394 0.883341 0.0866192
3.36e+09 0.0304405 0.87632 0.0932394
3.37e+09 0.0306062 0.875384 0.0940102
3.38e+09 0.0311317 0.864429 0.104439
3.39e+09 0.0314844 0.857939 0.110576
3.4e+09 0.0316174 0.857822 0.110561
3.41e+09 0.0319532 0.851585 0.116462
3.42e+09 0.03231 0.844414 0.123276
3.43e+09 0.0325067 0.842295 0.125198
3.44e+09 0.0329218 0.832722 0.134356
3.45e+09 0.0330613 0.83238 0.134559
3.46e+09 0.0334664 0.822639 0.143894
3.47e+09 0.0337936 0.815408 0.150798
3.48e+09 0.0339866 0.812921 0.153093
3.49e+09 0.0343146 0.805292 0.160393
3.5e+09 0.0345346 0.801619 0.163846
3.51e+09 0.0348238 0.795067 0.170109
3.52e+09 0.0350503 0.790905 0.174045
3.53e+09 0.0353156 0.785037 0.179648
3.54e+09 0.0357545 0.771026 0.19322
3.55e+09 0.0359706 0.766817 0.197212
3.56e+09 0.0361013 0.766735 0.197164
3.57e+09 0.0364509 0.755753 0.207796
3.58e+09 0.0365876 0.755293 0.208119
3.59e+09 0.0367873 0.751472 0.211741
3.6e+09 0.0371282 0.740172 0.2227
3.61e+09 0.0372064 0.742682 0.220112
3.62e+09 0.0376511 0.72477 0.237579
3.63e+09 0.037757 0.725757 0.236486
3.64e+09 0.0381137 0.711895 0.249991
3.65e+09 0.0384466 0.698489 0.263064
3.66e+09 0.0385203 0.70172 0.25976
3.67e+09 0.0387245 0.696234 0.265041
3.68e+09 0.038904 0.692394 0.268703
3.69e+09 0.039121 0.685734 0.275145
3.7e+09 0.0394432 0.670948 0.289609
3.71e+09 0.0396615 0.663292 0.297046
3.72e+09 0.0397086 0.668923 0.291369
3.73e+09 0.0399687 0.657731 0.302301
3.74e+09 0.0401536 0.652076 0.307771
3.75e+09 0.0403706 0.643523 0.316107
3.76e+09 0.0405199 0.640592 0.318888
3.77e+09 0.040709 0.63402 0.325271
3.78e+09 0.0409408 0.622529 0.33653
3.79e+09 0.0411108 0.617058 0.341831
3.8e+09 0.0412649 0.612786 0.345949
3.81e+09 0.0414704 0.602389 0.356141
3.82e+09 0.0416389 0.595813 0.362548
3.83e+09 0.0417767 0.593071 0.365152
3.84e+09 0.0419359 0.587058 0.371006
3.85e+09 0.042087 0.581879 0.376034
3.86e+09 0.0422224 0.578582 0.379196
3.87e+09 0.0423961 0.569327 0.388277
3.88e+09 0.0425871 0.556137 0.401275
3.89e+09 0.0427329 0.549737 0.40753
3.9e+09 0.0428503 0.548217 0.408933
3.91e+09 0.0430174 0.536228 0.420755
3.92e+09 0.0431246 0.536726 0.42015
3.93e+09 0.0432718 0.526846 0.429882
3.94e+09 0.0433908 0.523903 0.432707
3.95e+09 0.0435207 0.518067 0.438413
3.96e+09 0.0436365 0.514722 0.441642
3.97e+09 0.0437691 0.504691 0.45154
3.98e+09 0.0438766 0.50483 0.451293
3.99e+09 0.0439963 0.499083 0.456921
4e+09 0.0441062 0.49577 0.460124
4.01e+09 0.0442308 0.481892 0.473877
4.02e+09 0.0443345 0.480531 0.475135
4.03e+09 0.0444427 0.474771 0.480787
4.04e+09 0.0445471 0.473068 0.482385
4.05e+09 0.0446521 0.466286 0.489062
4.06e+09 0.0447508 0.462231 0.493018
4.07e+09 0.0448447 0.451033 0.504122
4.08e+09 0.0449401 0.444755 0.510305
4.09e+09 0.0450338 0.440641 0.514325
4.1e+09 0.0451128 0.430589 0.524299
4.11e+09 0.0452257 0.435828 0.518947
4.12e+09 0.0452957 0.424197 0.530507
4.13e+09 0.0453818 0.420378 0.534241
4.14e+09 0.0454734 0.417662 0.536865
4.15e+09 0.0455415 0.40926 0.545198
4.16e+09 0.0456305 0.407216 0.547153
4.17e+09 0.0456783 0.395398 0.558923
4.18e+09 0.045724 0.385458 0.568818
4.19e+09 0.0458001 0.382141 0.572059
4.2e+09 0.0458695 0.377687 0.576444
4.21e+09 0.0459356 0.373093 0.580972
4.22e+09 0.046017 0.371295 0.582688
4.23e+09 0.0460658 0.364651 0.589283
4.24e+09 0.0461457 0.36291 0.590944
4.25e+09 0.0462085 0.359039 0.594752
4.26e+09 0.0462375 0.350706 0.603057
4.27e+09 0.046325 0.35033 0.603345
4.28e+09 0.0463314 0.340258 0.61341
4.29e+09 0.0464421 0.342568 0.61099
4.3e+09 0.0464407 0.332476 0.621083
4.31e+09 0.0465106 0.330511 0.622978
4.32e+09 0.0464811 0.318247 0.635272
4.33e+09 0.0465601 0.317736 0.635704
4.34e+09 0.0465663 0.310101 0.643333
4.35e+09 0.0466489 0.309806 0.643545
4.36e+09 0.0466222 0.299881 0.653497
4.37e+09 0.0466231 0.292795 0.660582
4.38e+09 0.0467091 0.293106 0.660185
4.39e+09 0.0466701 0.283414 0.669915
4.4e+09 0.0468334 0.289726 0.66344
4.41e+09 0.0468249 0.282636 0.670539
4.42e+09 0.0468004 0.274825 0.678374
4.43e+09 0.0468615 0.273324 0.679815
4.44e+09 0.0469098 0.271014 0.682076
4.45e+09 0.0468557 0.262032 0.691113
4.46e+09 0.0469205 0.261008 0.692071
4.47e+09 0.0469016 0.254721 0.698378
4.48e+09 0.0469629 0.253604 0.699433
4.49e+09 0.0469114 0.245689 0.707399
4.5e+09 0.0470437 0.248879 0.704077
4.51e+09 0.0470118 0.242401 0.710588
4.52e+09 0.047073 0.241519 0.711408
4.53e+09 0.0469814 0.232119 0.7209
4.54e+09 0.0469984 0.229034 0.723968
4.55e+09 0.0469853 0.224296 0.728719
4.56e+09 0.0470784 0.22524 0.727682
4.57e+09 0.0468869 0.211862 0.741251
4.58e+09 0.0470878 0.218105 0.734807
4.59e+09 0.0469445 0.207609 0.745447
4.6e+09 0.0469248 0.2033 0.749775
4.61e+09 0.0470708 0.206767 0.746163
4.62e+09 0.0469682 0.198842 0.75419
4.63e+09 0.0470154 0.197701 0.755284
4.64e+09 0.0470069 0.194274 0.758719
4.65e+09 0.0470372 0.192489 0.760474
4.66e+09 0.0469761 0.187038 0.765986
4.67e+09 0.0470487 0.187086 0.765865
4.68e+09 0.046806 0.17461 0.778584
4.69e+09 0.0468414 0.17331 0.779848
4.7e+09 0.0469698 0.175696 0.777334
4.71e+09 0.0467124 0.16344 0.789847
4.72e+09 0.0468475 0.166001 0.787152
4.73e+09 0.0468617 0.164155 0.788983
4.74e+09 0.04686 0.161661 0.791479
4.75e+09 0.0468727 0.159842 0.793285
4.76e+09 0.0468033 0.155134 0.798063
4.77e+09 0.0466155 0.146713 0.806671
4.78e+09 0.0467802 0.150048 0.803172
4.79e+09 0.0466288 0.143068 0.810303
4.8e+09 0.0466666 0.142253 0.81108
4.81e+09 0.0466876 0.14089 0.812422
4.82e+09 0.0465671 0.135313 0.81812
4.83e+09 0.0466168 0.134941 0.818442
4.84e+09 0.046604 0.132728 0.820667
4.85e+09 0.046515 0.128381 0.825104
4.86e+09 0.0465397 0.127345 0.826115
4.87e+09 0.046417 0.122241 0.831342
4.88e+09 0.0464001 0.120158 0.833442
4.89e+09 0.0464669 0.120341 0.833192
4.9e+09 0.0463435 0.115482 0.838175
4.91e+09 0.0463634 0.114492 0.839144
4.92e+09 0.0461829 0.108417 0.8454
4.93e+09 0.0462602 0.108929 0.84481
4.94e+09 0.0459904 0.100949 0.853061
4.95e+09 0.0460964 0.102136 0.851767
4.96e+09 0.0462581 0.104627 0.849115
4.97e+09 0.0460266 0.097855 0.856118
4.98e+09 0.0458671 0.0929914 0.861142
4.99e+09 0.0459471 0.0935378 0.860515
5e+09 0.0458641 0.0905198 0.863616
5.01e+09 0.0461054 0.0946123 0.859282
5.02e+09 0.0457637 0.086103 0.868133
5.03e+09 0.0458557 0.0869026 0.867242
5.04e+09 0.0456381 0.0814046 0.872957
5.05e+09 0.0457471 0.0825129 0.87174
5.06e+09 0.0456569 0.079645 0.874698
5.07e+09 0.0457111 0.079684 0.874605
5.08e+09 0.0457001 0.078422 0.875878
5.09e+09 0.0455915 0.0753746 0.879034
5.1e+09 0.0455549 0.0737337 0.880711
5.11e+09 0.0454896 0.0716018 0.882909
5.12e+09 0.0454057 0.0691893 0.885405
5.13e+09 0.0451526 0.0639175 0.89093
5.14e+09 0.0453985 0.067299 0.887302
5.15e+09 0.0451581 0.0623509 0.892491
5.16e+09 0.0450748 0.0602251 0.8947
5.17e+09 0.0450178 0.0584975 0.896485
5.18e+09 0.0449989 0.0574642 0.897537
5.19e+09 0.0448245 0.0540406 0.901135
5.2e+09 0.0446505 0.0507889 0.904561
5.21e+09 0.0447753 0.0518986 0.903326
5.22e+09 0.0444661 0.0468676 0.908666
5.23e+09 0.0437777 0.0373223 0.9189
5.24e+09 0.0446904 0.0486989 0.906611
5.25e+09 0.0446578 0.0475882 0.907754
5.26e+09 0.0445624 0.0456658 0.909772
5.27e+09 0.0445757 0.045259 0.910165
5.28e+09 0.0446254 0.0452921 0.910083
5.29e+09 0.0446184 0.0446015 0.91078
5.3e+09 0.0445608 0.0432738 0.912165
5.31e+09 0.0444765 0.0416175 0.913906
5.32e+09 0.0444846 0.0411692 0.914346
5.33e+09 0.0442704 0.0380139 0.917716
5.34e+09 0.0443177 0.0380589 0.917623
5.35e+09 0.0441419 0.0354984 0.92036
5.36e+09 0.0441552 0.0351595 0.920685
5.37e+09 0.043741 0.0301781 0.926081
5.38e+09 0.0438393 0.0307545 0.925406
5.39e+09 0.0439218 0.0312045 0.924874
5.4e+09 0.0439554 0.0311119 0.924933
5.41e+09 0.0437026 0.0280926 0.928205
5.42e+09 0.0436376 0.0270601 0.929302
5.43e+09 0.0436747 0.0270228 0.929302
5.44e+09 0.0434286 0.024312 0.932259
5.45e+09 0.0434431 0.0241012 0.932456
5.46e+09 0.0432846 0.0223204 0.934395
5.47e+09 0.0432621 0.021806 0.934932
5.48e+09 0.0432287 0.0211764 0.935595
5.49e+09 0.0430968 0.0197694 0.937134
5.5e+09 0.0431961 0.0202693 0.936535
5.51e+09 0.0430291 0.0186367 0.938334
5.52e+09 0.0429362 0.0176128 0.939451
5.53e+09 0.0427643 0.0160712 0.941164
5.54e+09 0.0426302 0.0148728 0.942497
5.55e+09 0.0426681 0.0148699 0.942462
5.56e+09 0.0425167 0.0136168 0.943866
5.57e+09 0.0427222 0.0147339 0.942544
5.58e+09 0.0425074 0.0130845 0.944408
5.59e+09 0.0425661 0.0132249 0.944209
5.6e+09 0.0423397 0.0116004 0.94606
5.61e+09 0.0423907 0.0116974 0.945912
5.62e+09 0.0423699 0.0113684 0.946262
5.63e+09 0.0422487 0.0104772 0.947274
5.64e+09 0.0421796 0.00989329 0.947927
5.65e+09 0.0417699 0.00763724 0.950593
5.66e+09 0.0418695 0.00795426 0.950176
5.67e+09 0.0419661 0.00826205 0.949772
5.68e+09 0.0414995 0.0060028 0.952498
5.69e+09 0.0417528 0.00694066 0.951307
5.7e+09 0.0414413 0.00550517 0.953053
5.71e+09 0.0413893 0.00518526 0.953425
5.72e+09 0.0418639 0.00699366 0.951142
5.73e+09 0.0413318 0.00472895 0.953939
5.74e+09 0.0413752 0.00477809 0.953847
5.75e+09 0.0414117 0.004783 0.953805
5.76e+09 0.0409796 0.00327731 0.955743
5.77e+09 0.0413949 0.00450102 0.954104
5.78e+09 0.0410701 0.00335999 0.95557
5.79e+09 0.04094 0.00290804 0.956152
5.8e+09 0.040976 0.00292259 0.956101
5.81e+09 0.0409308 0.00272285 0.956346
5.82e+09 0.0408331 0.00240425 0.956763
5.83e+09 0.040771 0.00219055 0.957038
5.84e+09 0.0405643 0.00169801 0.957738
5.85e+09 0.0406822 0.0018708 0.957447
5.86e+09 0.040307 0.00116682 0.958526
5.87e+09 0.0403829 0.00123559 0.958382
5.88e+09 0.0403257 0.00111228 0.958562
5.89e+09 0.0404243 0.0012115 0.958364
5.9e+09 0.0401309 0.000804651 0.959064
5.91e+09 0.0400174 0.000668506 0.959314
5.92e+09 0.0400785 0.000697186 0.959224
5.93e+09 0.0399859 0.000600465 0.959414
5.94e+09 0.0399284 0.000543946 0.959528
5.95e+09 0.0398361 0.000480869 0.959683
5.96e+09 0.0398466 0.000473859 0.95968
5.97e+09 0.0393701 0.000431388 0.960199
5.98e+09 0.039046 0.000603723 0.96035
5.99e+09 0.0393432 0.000457305 0.9602
6e+09 0.0394723 0.000428183 0.9601
6.01e+09 0.0392934 0.000502788 0.960204
6.02e+09 0.03909 0.000650391 0.96026
6.03e+09 0.0392353 0.000565946 0.960199
6.04e+09 0.0391053 0.0006827 0.960212
6.05e+09 0.0387195 0.00113888 0.960142
6.06e+09 0.0390832 0.000749204 0.960168
6.07e+09 0.0385921 0.00140479 0.960003
6.08e+09 0.0385428 0.00152495 0.959932
6.09e+09 0.038597 0.00147727 0.959926
6.1e+09 0.0385155 0.00166236 0.959822
6.11e+09 0.0383101 0.0021043 0.959586
6.12e+09 0.0383507 0.00207206 0.959577
6.13e+09 0.0383661 0.00209257 0.959541
6.14e+09 0.038272 0.00234335 0.959385
6.15e+09 0.0381038 0.00278955 0.959107
6.16e+09 0.0383541 0.00227201 0.959374
6.17e+09 0.0382022 0.0026689 0.959129
6.18e+09 0.0379668 0.00332283 0.95871
6.19e+09 0.0377804 0.00391688 0.958303
6.2e+09 0.0381245 0.00303543 0.95884
6.21e+09 0.037806 0.00397699 0.958217
6.22e+09 0.0377998 0.00406709 0.958133
6.23e+09 0.0378092 0.00410569 0.958085
6.24e+09 0.0375843 0.00488659 0.957529
6.25e+09 0.0376777 0.00465858 0.957664
6.26e+09 0.0376207 0.00491786 0.957461
6.27e+09 0.0375264 0.00531014 0.957163
6.28e+09 0.0369917 0.00742408 0.955584
6.29e+09 0.0372096 0.00663881 0.956152
6.3e+09 0.037275 0.00646702 0.956258
6.31e+09 0.0366105 0.00937423 0.954015
6.32e+09 0.0372252 0.00683039 0.955944
6.33e+09 0.0367097 0.00910576 0.954185
6.34e+09 0.0361285 0.0120701 0.951801
6.35e+09 0.0368849 0.00851277 0.954602
6.36e+09 0.0366894 0.00948571 0.953825
6.37e+09 0.0364562 0.0106966 0.952847
6.38e+09 0.0360796 0.0127591 0.951161
6.39e+09 0.0366555 0.00993313 0.953411
6.4e+09 0.0361639 0.0125102 0.951326
6.41e+09 0.0361018 0.0129535 0.950945
6.42e+09 0.0360932 0.0131065 0.9508
6.43e+09 0.0358125 0.0147952 0.949392
6.44e+09 0.0362669 0.0123843 0.951349
6.45e+09 0.0358491 0.0148016 0.949349
6.46e+09 0.0357235 0.0156548 0.948622
6.47e+09 0.035967 0.0143504 0.949683
6.48e+09 0.0356248 0.0164758 0.947899
6.49e+09 0.0358343 0.0153357 0.94883
6.5e+09 0.0354396 0.0178571 0.946703
6.51e+09 0.0356575 0.0166168 0.947726
6.52e+09 0.035501 0.0177034 0.946796
6.53e+09 0.0354405 0.0181971 0.946362
6.54e+09 0.0354782 0.0180789 0.946443
6.55e+09 0.0351243 0.0205187 0.944357
6.56e+09 0.0353949 0.0188425 0.945763
6.57e+09 0.0354851 0.0183799 0.946135
6.58e+09 0.0351556 0.0206659 0.944179
6.59e+09 0.0352233 0.0203297 0.944447
6.6e+09 0.0350233 0.0218148 0.943162
6.61e+09 0.0350293 0.0218922 0.943079
6.62e+09 0.0345213 0.0257017 0.939777
6.63e+09 0.0342444 0.027964 0.937792
6.64e+09 0.0344768 0.0262933 0.93923
6.65e+09 0.0343983 0.0270165 0.938585
6.66e+09 0.0346628 0.0251435 0.940194
6.67e+09 0.0341377 0.0293309 0.936531
6.68e+09 0.0344651 0.0268872 0.938648
6.69e+09 0.0338761 0.0317392 0.934385
6.7e+09 0.0339971 0.030866 0.935137
6.71e+09 0.0341707 0.0295809 0.936248
6.72e+09 0.0341748 0.0296764 0.936149
6.73e+09 0.0341457 0.0300409 0.935813
6.74e+09 0.0339774 0.0315476 0.934475
6.75e+09 0.0340921 0.0307305 0.935177
6.76e+09 0.033642 0.0346511 0.931707
6.77e+09 0.0332549 0.0382252 0.92852
6.78e+09 0.0336844 0.0345548 0.931761
6.79e+09 0.0332151 0.0388615 0.927923
6.8e+09 0.0335535 0.0359617 0.930485
6.81e+09 0.0331594 0.0396489 0.927192
6.82e+09 0.0334767 0.0369106 0.929613
6.83e+09 0.0331422 0.0400823 0.926775
6.84e+09 0.0333434 0.0383715 0.928285
6.85e+09 0.0330799 0.0409311 0.925989
6.86e+09 0.0330908 0.0409634 0.925946
6.87e+09 0.0328239 0.0436354 0.923541
6.88e+09 0.0329416 0.0426375 0.924421
6.89e+09 0.0327741 0.0443936 0.922832
6.9e+09 0.0328053 0.0442152 0.92298
6.91e+09 0.0327722 0.0446696 0.922558
6.92e+09 0.0328561 0.0439995 0.923144
6.93e+09 0.0327467 0.0451944 0.922059
6.94e+09 0.0327052 0.0457376 0.921557
6.95e+09 0.0326904 0.0460214 0.921288
6.96e+09 0.0326081 0.0469707 0.920421
6.97e+09 0.0324641 0.0485467 0.918989
6.98e+09 0.032306 0.0502962 0.917398
6.99e+09 0.0322973 0.0505202 0.917183
7e+09 0.0323012 0.0506144 0.917084
7.01e+09 0.0322964 0.0508037 0.9169
7.02e+09 0.0320428 0.0535974 0.91436
7.03e+09 0.0313932 0.0608625 0.907744
7.04e+09 0.0318338 0.0561107 0.912056
7.05e+09 0.0316789 0.0579337 0.910387
7.06e+09 0.0315219 0.0598265 0.908652
7.07e+09 0.0316682 0.0583361 0.909996
7.08e+09 0.0313198 0.0623839 0.906296
7.09e+09 0.0312709 0.063078 0.905651
7.1e+09 0.031357 0.0622195 0.906423
7.11e+09 0.0308779 0.0679489 0.901173
7.12e+09 0.030957 0.067147 0.901896
7.13e+09 0.0311572 0.0649338 0.903909
7.14e+09 0.0308833 0.0682933 0.900823
7.15e+09 0.0312223 0.0644562 0.904322
7.16e+09 0.0306555 0.0713096 0.898035
7.17e+09 0.0310295 0.0669673 0.902003
7.18e+09 0.0305122 0.0733262 0.896162
7.19e+09 0.0304629 0.0740825 0.895455
7.2e+09 0.0307125 0.0711636 0.898124
7.21e+09 0.0306108 0.0725349 0.896854
7.22e+09 0.0305817 0.0730267 0.896392
7.23e+09 0.0304968 0.0742058 0.895297
7.24e+09 0.030206 0.0779669 0.891827
7.25e+09 0.0304401 0.0751775 0.894382
7.26e+09 0.030292 0.0771613 0.892547
7.27e+09 0.0302688 0.0775893 0.892142
7.28e+09 0.0298657 0.082885 0.887249
7.29e+09 0.0304496 0.0755906 0.89396
7.3e+09 0.0299213 0.0824284 0.88765
7.31e+09 0.0300905 0.0803857 0.889524
7.32e+09 0.029874 0.0833217 0.886804
7.33e+09 0.0301755 0.0795642 0.89026
7.34e+09 0.0296831 0.0860859 0.884231
7.35e+09 0.0300307 0.0816813 0.888288
7.36e+09 0.0296111 0.0873147 0.883074
7.37e+09 0.0294639 0.089417 0.881119
7.38e+09 0.0293954 0.0904717 0.880133
7.39e+09 0.0293727 0.090914 0.879713
7.4e+09 0.0294156 0.0904681 0.880116
7.41e+09 0.0291594 0.0940955 0.876745
7.42e+09 0.0292268 0.0932935 0.87748
7.43e+09 0.0291546 0.0944269 0.876418
7.44e+09 0.0292505 0.0932413 0.877508
7.45e+09 0.0290906 0.0955719 0.875338
7.46e+09 0.0290063 0.0968703 0.874123
7.47e+09 0.0287615 0.100451 0.870787
7.48e+09 0.0290591 0.0963968 0.874544
7.49e+09 0.0286151 0.102817 0.868567
7.5e+09 0.0289038 0.0988339 0.872262
7.51e+09 0.028999 0.0976221 0.873379
7.52e+09 0.0285208 0.104562 0.866918
7.53e+09 0.0286044 0.103472 0.867924
7.54e+09 0.0285145 0.104905 0.866581
7.55e+09 0.0283755 0.107055 0.86457
7.56e+09 0.0286919 0.102601 0.868707
7.57e+09 0.0280617 0.111964 0.859974
7.58e+09 0.0285341 0.105123 0.866343
7.59e+09 0.0282413 0.109533 0.862226
7.6e+09 0.0284736 0.106247 0.865279
7.61e+09 0.0280723 0.112297 0.85963
7.62e+09 0.0274134 0.122525 0.850061
7.63e+09 0.0278502 0.115904 0.856246
7.64e+09 0.0276629 0.118886 0.853451
7.65e+09 0.0277519 0.117643 0.854605
7.66e+09 0.027697 0.11861 0.853693
7.67e+09 0.0274983 0.121806 0.850695
7.68e+09 0.0275664 0.12087 0.851564
7.69e+09 0.0271243 0.127956 0.844919
7.7e+09 0.0274379 0.123116 0.849446
7.71e+09 0.0276834 0.119426 0.85289
7.72e+09 0.0274171 0.123679 0.848904
7.73e+09 0.0272898 0.125803 0.846907
7.74e+09 0.0273496 0.124978 0.847672
7.75e+09 0.0271765 0.127838 0.844986
7.76e+09 0.0272384 0.126968 0.845794
7.77e+09 0.027044 0.13019 0.842766
7.78e+09 0.0271041 0.129349 0.843547
7.79e+09 0.02699 0.131293 0.841717
7.8e+09 0.0269643 0.131829 0.841206
7.81e+09 0.0269376 0.132379 0.840684
7.82e+09 0.0268644 0.133678 0.839457
7.83e+09 0.0268322 0.134317 0.838851
7.84e+09 0.0268191 0.134648 0.838533
7.85e+09 0.0267669 0.135614 0.837619
7.86e+09 0.0267153 0.136572 0.836713
7.87e+09 0.0265782 0.138939 0.834483
7.88e+09 0.0266083 0.13856 0.834832
7.89e+09 0.0265271 0.140016 0.833457
7.9e+09 0.0265181 0.14028 0.833202
7.91e+09 0.0263619 0.142993 0.830645
7.92e+09 0.0263873 0.142682 0.83093
7.93e+09 0.0263928 0.142706 0.830901
7.94e+09 0.0263282 0.1439 0.829772
7.95e+09 0.0262733 0.144933 0.828794
7.96e+09 0.0262202 0.145937 0.827842
7.97e+09 0.026007 0.149679 0.824314
7.98e+09 0.0257673 0.153926 0.820307
7.99e+09 0.0261381 0.147659 0.826203
8e+09 0.0259418 0.151119 0.822939
8.01e+09 0.0257444 0.154649 0.819606
8.02e+09 0.0258729 0.152524 0.821603
8.03e+09 0.025459 0.159874 0.814667
8.04e+09 0.0255425 0.158509 0.815948
8.05e+09 0.025463 0.160004 0.814533
8.06e+09 0.0255683 0.158261 0.816171
8.07e+09 0.0255824 0.15812 0.816298
8.08e+09 0.0252367 0.164361 0.810403
8.09e+09 0.0251499 0.166025 0.808825
8.1e+09 0.0253675 0.162235 0.812398
8.11e+09 0.0251329 0.166535 0.808332
8.12e+09 0.025702 0.156552 0.817746
8.13e+09 0.0248918 0.171117 0.803992
8.14e+09 0.0250896 0.167624 0.807287
8.15e+09 0.0249961 0.16943 0.805574
8.16e+09 0.0251014 0.167618 0.80728
8.17e+09 0.0249041 0.171306 0.80379
8.18e+09 0.0249986 0.169682 0.805319
8.19e+09 0.0247385 0.17454 0.800722
8.2e+09 0.0249045 0.171596 0.803499
8.21e+09 0.0247196 0.175093 0.800188
8.22e+09 0.0247918 0.173859 0.801349
8.23e+09 0.0246421 0.176711 0.798647
8.24e+09 0.0247092 0.175575 0.799716
8.25e+09 0.0244993 0.179574 0.795927
8.26e+09 0.0246765 0.176377 0.798947
8.27e+09 0.0242399 0.184644 0.791116
8.28e+09 0.0247805 0.174654 0.800565
8.29e+09 0.0240984 0.187531 0.78837
8.3e+09 0.0241762 0.186137 0.789687
8.31e+09 0.0239528 0.190507 0.78554
8.32e+09 0.0239982 0.189732 0.78627
8.33e+09 0.0239177 0.191373 0.784709
8.34e+09 0.0237476 0.19476 0.781493
8.35e+09 0.0238965 0.191973 0.784131
8.36e+09 0.0236881 0.196109 0.780203
8.37e+09 0.0236182 0.197565 0.778817
8.38e+09 0.0237438 0.195206 0.78105
8.39e+09 0.0235323 0.199434 0.777034
8.4e+09 0.0236497 0.197224 0.779126
8.41e+09 0.0235205 0.199852 0.776628
8.42e+09 0.0235306 0.199739 0.776731
8.43e+09 0.0234078 0.202256 0.774337
8.44e+09 0.0236115 0.198337 0.778051
8.45e+09 0.0234634 0.201337 0.775199
8.46e+09 0.0233734 0.203201 0.773426
8.47e+09 0.0233252 0.204246 0.772429
8.48e+09 0.0232251 0.206326 0.770448
8.49e+09 0.0232565 0.205789 0.770954
8.5e+09 0.0232812 0.205389 0.77133
8.51e+09 0.0232134 0.206825 0.769962
8.52e+09 0.023112 0.208944 0.767944
8.53e+09 0.0230729 0.209812 0.767115
8.54e+09 0.0230387 0.210584 0.766378
8.55e+09 0.0230984 0.209475 0.767427
8.56e+09 0.0229224 0.213115 0.763963
8.57e+09 0.023009 0.211442 0.765549
8.58e+09 0.0227713 0.216352 0.760877
8.59e+09 0.0227889 0.216076 0.761135
8.6e+09 0.0227428 0.2171 0.760158
8.61e+09 0.0227399 0.217248 0.760012
8.62e+09 0.0226946 0.218255 0.75905
8.63e+09 0.022348 0.225515 0.752137
8.64e+09 0.0223807 0.224916 0.752704
8.65e+09 0.0225229 0.222033 0.755444
8.66e+09 0.022693 0.218609 0.758698
8.67e+09 0.022242 0.228057 0.749701
8.68e+09 0.0224732 0.223307 0.75422
8.69e+09 0.0214265 0.245701 0.732873
8.7e+09 0.0220989 0.231309 0.746592
8.71e+09 0.0222306 0.228606 0.749164
8.72e+09 0.022124 0.23093 0.746946
8.73e+09 0.0221053 0.2314 0.746494
8.74e+09 0.0221856 0.229787 0.748027
8.75e+09 0.021979 0.234231 0.74379
8.76e+09 0.0220639 0.232505 0.745431
8.77e+09 0.0218779 0.236536 0.741586
8.78e+09 0.0219557 0.234954 0.74309
8.79e+09 0.0218623 0.237022 0.741115
8.8e+09 0.0218402 0.237569 0.740591
8.81e+09 0.0219954 0.234325 0.74368
8.82e+09 0.0218371 0.237784 0.740379
8.83e+09 0.0217345 0.240054 0.738211
8.84e+09 0.0216691 0.241536 0.736795
8.85e+09 0.0215705 0.243737 0.734692
8.86e+09 0.0215861 0.243474 0.73494
8.87e+09 0.0214801 0.245848 0.732672
8.88e+09 0.0216416 0.242413 0.735946
8.89e+09 0.0215751 0.243926 0.734498
8.9e+09 0.0214054 0.247692 0.730903
8.91e+09 0.0215494 0.244622 0.733829
8.92e+09 0.0212518 0.251198 0.72755
8.93e+09 0.021193 0.252556 0.726251
8.94e+09 0.0211535 0.253499 0.725348
8.95e+09 0.021121 0.254288 0.724591
8.96e+09 0.0211774 0.253108 0.725715
8.97e+09 0.0210327 0.256378 0.722589
8.98e+09 0.0210295 0.25652 0.722451
8.99e+09 0.0210661 0.255775 0.723159
9e+09 0.021007 0.257155 0.721838
9.01e+09 0.0209626 0.25821 0.720827
9.02e+09 0.0209322 0.258954 0.720113
9.03e+09 0.0207842 0.262332 0.716884
9.04e+09 0.0208221 0.261547 0.717631
9.05e+09 0.0208783 0.260357 0.718765
9.06e+09 0.0207904 0.26239 0.716819
9.07e+09 0.0207721 0.262866 0.716362
9.08e+09 0.0207011 0.264531 0.714768
9.09e+09 0.0206315 0.266164 0.713205
9.1e+09 0.0206333 0.266187 0.71318
9.11e+09 0.020596 0.267096 0.712308
9.12e+09 0.0205676 0.267802 0.71163
9.13e+09 0.0204919 0.269585 0.709923
9.14e+09 0.0203881 0.272014 0.707598
9.15e+09 0.0203945 0.271931 0.707674
9.16e+09 0.0205714 0.267964 0.711464
9.17e+09 0.0202841 0.274585 0.705131
9.18e+09 0.0202648 0.275087 0.704648
9.19e+09 0.0202671 0.275098 0.704635
9.2e+09 0.02022 0.27624 0.703541
9.21e+09 0.0201597 0.277691 0.702149
9.22e+09 0.0202722 0.275161 0.704567
9.23e+09 0.0201152 0.278839 0.701046
9.24e+09 0.0201286 0.278589 0.701283
9.25e+09 0.0200371 0.28077 0.699193
9.26e+09 0.0199842 0.282055 0.69796
9.27e+09 0.0199566 0.282757 0.697286
9.28e+09 0.0200014 0.281773 0.698225
9.29e+09 0.0197745 0.287149 0.693077
9.3e+09 0.0198398 0.285662 0.694498
9.31e+09 0.0195338 0.292952 0.687514
9.32e+09 0.019702 0.289013 0.691285
9.33e+09 0.0198085 0.286559 0.693633
9.34e+09 0.0193943 0.296447 0.684159
9.35e+09 0.0195322 0.293201 0.687266
9.36e+09 0.0194079 0.29622 0.684373
9.37e+09 0.0193831 0.296872 0.683745
9.38e+09 0.019529 0.293438 0.687033
9.39e+09 0.0193313 0.298219 0.68245
9.4e+09 0.0192407 0.300448 0.680311
9.41e+09 0.0193747 0.297277 0.683348
9.42e+09 0.0191848 0.301902 0.678914
9.43e+09 0.0193409 0.29819 0.682469
9.44e+09 0.0189944 0.306626 0.67438
9.45e+09 0.0191742 0.302302 0.678524
9.46e+09 0.0190319 0.305812 0.675156
9.47e+09 0.0190859 0.304546 0.676368
9.48e+09 0.0190045 0.306574 0.674421
9.49e+09 0.0189675 0.307526 0.673507
9.5e+09 0.0191367 0.303459 0.677404
9.51e+09 0.018852 0.310446 0.670702
9.52e+09 0.0189799 0.307368 0.673652
9.53e+09 0.0187852 0.312183 0.669032
9.54e+09 0.0189716 0.307665 0.673363
9.55e+09 0.0186679 0.31517 0.666162
9.56e+09 0.0189152 0.309135 0.67195
9.57e+09 0.0187216 0.31394 0.667339
9.58e+09 0.0187921 0.312241 0.668967
9.59e+09 0.0185132 0.319187 0.6623
9.6e+09 0.0188844 0.310076 0.67104
9.61e+09 0.0184782 0.320151 0.66137
9.62e+09 0.0187057 0.314551 0.666743
9.63e+09 0.0185004 0.319689 0.661811
9.64e+09 0.0186267 0.316593 0.66478
9.65e+09 0.0182745 0.325425 0.6563
9.66e+09 0.0184494 0.321084 0.660467
9.67e+09 0.0184588 0.320895 0.660646
9.68e+09 0.018285 0.32529 0.656425
9.69e+09 0.0184548 0.321083 0.660462
9.7e+09 0.0183704 0.323232 0.658397
9.71e+09 0.0184094 0.322302 0.659288
9.72e+09 0.0183325 0.324266 0.657402
9.73e+09 0.0182597 0.326133 0.655607
9.74e+09 0.0182503 0.326411 0.655339
9.75e+09 0.0183031 0.32513 0.656567
9.76e+09 0.0181005 0.330274 0.651625
9.77e+09 0.0181321 0.329516 0.652352
9.78e+09 0.0181356 0.329469 0.652395
9.79e+09 0.0178844 0.335887 0.646228
9.8e+09 0.0180054 0.332845 0.64915
9.81e+09 0.0177625 0.339092 0.643145
9.82e+09 0.017808 0.337964 0.644228
9.83e+09 0.0178081 0.338003 0.644189
9.84e+09 0.0178015 0.338211 0.643987
9.85e+09 0.0177109 0.340575 0.641715
9.86e+09 0.0176922 0.341095 0.641213
9.87e+09 0.0176402 0.342471 0.639888
9.88e+09 0.0175422 0.345043 0.637415
9.89e+09 0.0175174 0.345723 0.636759
9.9e+09 0.017552 0.344864 0.637584
9.91e+09 0.0175824 0.344115 0.638302
9.92e+09 0.0174647 0.347201 0.635334
9.93e+09 0.0174922 0.346523 0.635985
9.94e+09 0.0174158 0.348546 0.634038
9.95e+09 0.017388 0.349307 0.633305
9.96e+09 0.0173804 0.349541 0.633079
9.97e+09 0.0173439 0.350527 0.632129
9.98e+09 0.017297 0.351789 0.630914
9.99e+09 0.017276 0.352372 0.630352
1e+10 0.017255 0.352959 0.629786
