0.01 2770 0.00157565 0.000343963 0.99808
0.02 2770 0.449808 0.267551 0.282641
0.03 2770 0.0505574 0.522636 0.426807
0.04 2770 0.270691 0.31909 0.41022
0.05 2770 0.0277651 0.800582 0.171653
0.06 2770 0.348177 0.591606 0.0602175
0.07 2770 0.2598 0.308431 0.431769
0.08 2770 0.143459 0.763587 0.0929537
0.09 2770 0.071039 0.783263 0.145698
0.1 2770 0.00930415 0.875381 0.115315
0.11 2770 0.00566816 0.178302 0.81603
0.12 2770 0.00252594 0.0584175 0.939057
0.13 2770 0.0481797 0.711871 0.239949
0.14 2770 0.0593278 0.193179 0.747494
0.15 2770 0.135093 0.840977 0.0239298
0.16 2770 0.139683 0.803628 0.0566891
0.17 2770 0.156864 0.792218 0.0509174
0.18 2770 0.195797 0.787621 0.016582
0.19 2770 0.198311 0.367482 0.434207
0.2 2770 0.120826 0.0332 0.845973
0.21 2770 0.169028 0.737198 0.0937743
0.22 2770 0.206628 0.213476 0.579896
0.23 2770 0.129474 0.516584 0.353942
0.24 2770 0.217657 0.26291 0.519432
0.25 2770 0.139694 0.655973 0.204333
0.26 2770 0.176969 0.0334937 0.789537
0.27 2770 0.197335 0.785573 0.0170921
0.28 2770 0.109415 0.290902 0.599682
0.29 2770 0.196174 0.13814 0.665685
0.3 2770 0.181229 0.802101 0.0166696
0.31 2770 0.100932 0.465156 0.433912
0.32 2770 0.149254 0.00568025 0.845066
0.33 2770 0.197758 0.455839 0.346403
0.34 2770 0.141184 0.850533 0.00828314
0.35 2770 0.0882465 0.482398 0.429355
0.36 2770 0.119708 0.0290219 0.85127
0.37 2770 0.171935 0.178208 0.649857
0.38 2770 0.166224 0.671594 0.162182
0.39 2770 0.113233 0.868777 0.0179903
0.4 2770 0.0754099 0.58082 0.34377
0.41 2770 0.0861887 0.155019 0.758793
0.42 2770 0.125697 0.00622087 0.868082
0.43 2770 0.153307 0.234548 0.612145
0.44 2770 0.146538 0.622628 0.230834
0.45 2770 0.112934 0.875206 0.0118594
0.46 2770 0.0766824 0.839956 0.0833617
0.47 2770 0.0587248 0.568935 0.37234
0.48 2770 0.0653087 0.239489 0.695202
0.49 2770 0.0884565 0.0293157 0.882228
0.5 2770 0.113683 0.0279439 0.858373
0.51 2770 0.12843 0.215756 0.655815
0.52 2770 0.127023 0.497246 0.375731
0.53 2770 0.111234 0.756111 0.132655
0.54 2770 0.0877701 0.902957 0.00927301
0.55 2770 0.0647232 0.900267 0.0350095
0.56 2770 0.0485899 0.763267 0.188143
0.57 2770 0.0426675 0.544077 0.413256
0.58 2770 0.0468631 0.309271 0.643866
0.59 2770 0.0585026 0.119332 0.822165
0.6 2770 0.0735917 0.014968 0.91144
0.61 2770 0.0880531 0.0116877 0.900259
0.62 2770 0.0986466 0.101472 0.799882
0.63 2770 0.103458 0.25906 0.637482
0.64 2770 0.101988 0.450176 0.447836
0.65 2770 0.0949356 0.639483 0.265581
0.66 2770 0.0838283 0.796825 0.119346
0.67 2770 0.0705937 0.901125 0.0282814
0.68 2770 0.0571784 0.94191 0.000911745
0.69 2770 0.045258 0.918883 0.0358595
0.7 2770 0.0360581 0.84012 0.123822
0.71 2770 0.0302824 0.719535 0.250183
0.72 2770 0.0281268 0.574142 0.397731
0.73 2770 0.0293549 0.421544 0.549101
0.74 2770 0.0334074 0.27789 0.688703
0.75 2770 0.0395225 0.156434 0.804043
0.76 2770 0.0468518 0.066703 0.886445
0.77 2770 0.0545579 0.0142163 0.931226
0.78 2770 0.0618897 0.000647538 0.937463
0.79 2770 0.0682326 0.0243063 0.907461
0.8 2770 0.0731354 0.0808172 0.846047
0.81 2770 0.0763177 0.163888 0.759794
0.82 2770 0.0776609 0.26608 0.65626
0.83 2770 0.0771891 0.379512 0.543299
0.84 2770 0.075043 0.496469 0.428488
0.85 2770 0.0714506 0.609873 0.318677
0.86 2770 0.066698 0.713628 0.219674
0.87 2770 0.0611024 0.802839 0.136059
0.88 2770 0.054988 0.873909 0.0711027
0.89 2770 0.0486674 0.924551 0.0267815
0.9 2770 0.0424256 0.953714 0.00385993
0.91 2770 0.0365106 0.961464 0.00202563
0.92 2770 0.0311262 0.948817 0.0200567
0.93 2770 0.0264296 0.917565 0.056005
0.94 2770 0.0225308 0.870087 0.107383
0.95 2770 0.0194958 0.809163 0.171341
0.96 2770 0.0173493 0.737812 0.244838
0.97 2770 0.0160811 0.659137 0.324782
0.98 2770 0.0156505 0.576196 0.408153
0.99 2770 0.0159931 0.491896 0.49211
1 2770 0.0170262 0.408913 0.574061
1.01 2770 0.0186543 0.329628 0.651718
1.02 2770 0.0207744 0.256087 0.723139
1.03 2770 0.0232802 0.189981 0.786739
1.04 2770 0.026066 0.13264 0.841294
1.05 2770 0.0290297 0.0850338 0.885937
1.06 2770 0.0320755 0.0477953 0.920129
1.07 2770 0.0351156 0.0212404 0.943644
1.08 2770 0.0380716 0.00539933 0.956529
1.09 2770 0.0408752 5.04114e-05 0.959074
1.1 2770 0.0434688 0.00475534 0.951776
1.11 2770 0.0458054 0.0188954 0.935299
1.12 2770 0.0478485 0.0417068 0.910445
1.13 2770 0.0495713 0.0723148 0.878114
1.14 2770 0.0509562 0.109765 0.839278
1.15 2770 0.0519942 0.153055 0.794951
1.16 2770 0.0526839 0.201154 0.746162
1.17 2770 0.0530302 0.253034 0.693935
1.18 2770 0.0530441 0.307686 0.63927
1.19 2770 0.0527412 0.364132 0.583127
1.2 2770 0.052141 0.421449 0.52641
1.21 2770 0.0512663 0.478769 0.469965
1.22 2770 0.0501419 0.535294 0.414564
1.23 2770 0.0487945 0.590302 0.360904
1.24 2770 0.0472517 0.643144 0.309604
1.25 2770 0.0455413 0.693256 0.261203
1.26 2770 0.0436913 0.74015 0.216159
1.27 2770 0.041729 0.783417 0.174854
1.28 2770 0.039681 0.822725 0.137594
1.29 2770 0.0375726 0.857816 0.104611
1.3 2770 0.0354279 0.8885 0.0760718
1.31 2770 0.0332692 0.914653 0.052078
1.32 2770 0.0311175 0.936209 0.0326739
1.33 2770 0.0289915 0.953158 0.0178507
1.34 2770 0.0269086 0.965539 0.00755196
1.35 2770 0.0248841 0.973437 0.00167869
1.36 2770 0.0229313 0.976974 9.48453e-05
1.37 2770 0.0210621 0.976306 0.0026323
1.38 2770 0.0192865 0.971618 0.00909575
1.39 2770 0.0176126 0.96312 0.0192673
1.4 2770 0.0160473 0.951042 0.032911
1.41 2770 0.0145958 0.935628 0.0497765
1.42 2770 0.0132618 0.917135 0.0696035
1.43 2770 0.012048 0.895828 0.0921243
1.44 2770 0.0109556 0.871977 0.117068
1.45 2770 0.00998503 0.845853 0.144162
1.46 2770 0.00913546 0.817729 0.173136
1.47 2770 0.00840534 0.787873 0.203722
1.48 2770 0.00779231 0.756548 0.23566
1.49 2770 0.00729335 0.724011 0.268696
1.5 2770 0.00690482 0.690512 0.302584
1.51 2770 0.00662262 0.656289 0.337088
1.52 2770 0.00644219 0.621572 0.371986
1.53 2770 0.00635866 0.586579 0.407063
1.54 2770 0.00636686 0.551514 0.442119
1.55 2770 0.00646145 0.516573 0.476966
1.56 2770 0.00663691 0.481935 0.511429
1.57 2770 0.00688763 0.447767 0.545345
1.58 2770 0.00720797 0.414226 0.578566
1.59 2770 0.00759227 0.381452 0.610955
1.6 2770 0.00803491 0.349576 0.642389
1.61 2770 0.00853036 0.318713 0.672757
1.62 2770 0.00907316 0.288967 0.70196
1.63 2770 0.00965801 0.260432 0.72991
1.64 2770 0.0102797 0.233187 0.756533
1.65 2770 0.0109333 0.207304 0.781763
1.66 2770 0.011614 0.182841 0.805545
1.67 2770 0.0123171 0.159847 0.827836
1.68 2770 0.0130383 0.138362 0.848599
1.69 2770 0.0137733 0.118417 0.867809
1.7 2770 0.0145181 0.100034 0.885447
1.71 2770 0.0152691 0.0832277 0.901503
1.72 2770 0.0160226 0.068004 0.915973
1.73 2770 0.0167754 0.0543631 0.928861
1.74 2770 0.0175243 0.0422988 0.940177
1.75 2770 0.0182665 0.0317986 0.949935
1.76 2770 0.0189994 0.022845 0.958156
1.77 2770 0.0197204 0.0154155 0.964864
1.78 2770 0.0204275 0.00948303 0.97009
1.79 2770 0.0211184 0.00501674 0.973865
1.8 2770 0.0217914 0.00198216 0.976226
1.81 2770 0.0224447 0.000341676 0.977214
1.82 2770 0.023077 5.48986e-05 0.976868
1.83 2770 0.0236869 0.00107905 0.975234
1.84 2770 0.0242733 0.00336931 0.972357
1.85 2770 0.0248351 0.00687909 0.968286
1.86 2770 0.0253715 0.0115604 0.963068
1.87 2770 0.0258817 0.0173641 0.956754
1.88 2770 0.0263653 0.0242402 0.949395
1.89 2770 0.0268217 0.0321379 0.94104
1.9 2770 0.0272506 0.0410063 0.931743
1.91 2770 0.0276518 0.050794 0.921554
1.92 2770 0.0280251 0.0614498 0.910525
1.93 2770 0.0283705 0.0729226 0.898707
1.94 2770 0.028688 0.0851614 0.886151
1.95 2770 0.0289778 0.0981162 0.872906
1.96 2770 0.02924 0.111737 0.859023
1.97 2770 0.0294749 0.125975 0.84455
1.98 2770 0.0296829 0.140782 0.829535
1.99 2770 0.0298644 0.156111 0.814024
2 2770 0.0300197 0.171916 0.798065
2.01 2770 0.0301493 0.188151 0.7817
2.02 2770 0.0302538 0.204772 0.764974
2.03 2770 0.0303338 0.221738 0.747929
2.04 2770 0.0303897 0.239005 0.730605
2.05 2770 0.0304223 0.256535 0.713043
2.06 2770 0.0304322 0.274288 0.69528
2.07 2770 0.03042 0.292226 0.677354
2.08 2770 0.0303864 0.310313 0.6593
2.09 2770 0.0303322 0.328515 0.641153
2.1 2770 0.0302579 0.346798 0.622944
2.11 2770 0.0301644 0.365129 0.604707
2.12 2770 0.0300523 0.383478 0.586469
2.13 2770 0.0299224 0.401816 0.568261
2.14 2770 0.0297753 0.420115 0.55011
2.15 2770 0.0296119 0.438347 0.532041
2.16 2770 0.0294328 0.456488 0.514079
2.17 2770 0.0292387 0.474513 0.496248
2.18 2770 0.0290304 0.4924 0.47857
2.19 2770 0.0288085 0.510126 0.461065
2.2 2770 0.0285738 0.527672 0.443754
2.21 2770 0.0283268 0.545019 0.426655
2.22 2770 0.0280684 0.562147 0.409784
2.23 2770 0.0277992 0.579042 0.393159
2.24 2770 0.0275197 0.595686 0.376794
2.25 2770 0.0272307 0.612066 0.360704
2.26 2770 0.0269328 0.628167 0.344901
2.27 2770 0.0266265 0.643977 0.329397
2.28 2770 0.0263125 0.659484 0.314203
2.29 2770 0.0259913 0.674678 0.29933
2.3 2770 0.0256635 0.68955 0.284787
2.31 2770 0.0253297 0.704089 0.270581
2.32 2770 0.0249904 0.718288 0.256721
2.33 2770 0.0246461 0.73214 0.243213
2.34 2770 0.0242973 0.745639 0.230064
2.35 2770 0.0239444 0.758779 0.217277
2.36 2770 0.0235881 0.771554 0.204858
2.37 2770 0.0232286 0.783961 0.192811
2.38 2770 0.0228664 0.795996 0.181138
2.39 2770 0.0225021 0.807656 0.169842
2.4 2770 0.0221358 0.818938 0.158926
2.41 2770 0.0217682 0.829842 0.14839
2.42 2770 0.0213995 0.840365 0.138236
2.43 2770 0.02103 0.850507 0.128463
2.44 2770 0.0206602 0.860268 0.119072
2.45 2770 0.0202904 0.869648 0.110062
2.46 2770 0.0199208 0.878647 0.101432
2.47 2770 0.0195518 0.887267 0.093181
2.48 2770 0.0191837 0.89551 0.0853068
2.49 2770 0.0188168 0.903376 0.0778073
2.5 2770 0.0184512 0.910869 0.0706802
2.51 2770 0.0180873 0.91799 0.0639226
2.52 2770 0.0177253 0.924743 0.0575314
2.53 2770 0.0173653 0.931131 0.0515032
2.54 2770 0.0170078 0.937158 0.0458345
2.55 2770 0.0166527 0.942826 0.0405215
2.56 2770 0.0163004 0.94814 0.0355599
2.57 2770 0.0159509 0.953104 0.0309455
2.58 2770 0.0156046 0.957721 0.026674
2.59 2770 0.0152614 0.961998 0.0227405
2.6 2770 0.0149216 0.965938 0.0191403
2.61 2770 0.0145854 0.969546 0.0158685
2.62 2770 0.0142527 0.972827 0.01292
2.63 2770 0.0139239 0.975787 0.0102895
2.64 2770 0.0135989 0.978429 0.00797186
2.65 2770 0.0132778 0.980761 0.00596155
2.66 2770 0.0129609 0.982786 0.00425312
2.67 2770 0.0126481 0.984511 0.00284102
2.68 2770 0.0123395 0.985941 0.00171963
2.69 2770 0.0120353 0.987081 0.000883277
2.7 2770 0.0117354 0.987938 0.000326242
2.71 2770 0.0114399 0.988517 4.27746e-05
2.72 2770 0.011149 0.988824 2.70966e-05
2.73 2770 0.0108626 0.988864 0.00027341
2.74 2770 0.0105808 0.988643 0.000775904
2.75 2770 0.0103036 0.988168 0.00152876
2.76 2770 0.010031 0.987443 0.00252618
2.77 2770 0.0097631 0.986475 0.00376234
2.78 2770 0.00949989 0.985269 0.00523146
2.79 2770 0.00924139 0.983831 0.00692776
2.8 2770 0.00898761 0.982167 0.0088455
2.81 2770 0.00873855 0.980282 0.010979
2.82 2770 0.00849422 0.978183 0.0133224
2.83 2770 0.00825462 0.975875 0.0158703
2.84 2770 0.00801974 0.973363 0.0186169
2.85 2770 0.00778957 0.970654 0.0215568
2.86 2770 0.0075641 0.967752 0.0246844
2.87 2770 0.00734332 0.964662 0.0279942
2.88 2770 0.00712721 0.961392 0.0314808
2.89 2770 0.00691575 0.957945 0.035139
2.9 2770 0.00670892 0.954328 0.0389633
2.91 2770 0.00650669 0.950545 0.0429486
2.92 2770 0.00630903 0.946601 0.0470898
2.93 2770 0.00611591 0.942502 0.0513817
2.94 2770 0.0059273 0.938253 0.0558192
2.95 2770 0.00574317 0.933859 0.0603975
2.96 2770 0.00556348 0.929325 0.0651117
2.97 2770 0.00538819 0.924655 0.0699569
2.98 2770 0.00521726 0.919854 0.0749284
2.99 2770 0.00505065 0.914928 0.0800215
3 2770 0.00488833 0.90988 0.0852317
3.01 2770 0.00473024 0.904715 0.0905544
3.02 2770 0.00457634 0.899439 0.0959851
3.03 2770 0.00442658 0.894054 0.10152
3.04 2770 0.00428093 0.888566 0.107154
3.05 2770 0.00413932 0.882978 0.112883
3.06 2770 0.00400172 0.877295 0.118703
3.07 2770 0.00386807 0.871522 0.12461
3.08 2770 0.00373832 0.865661 0.1306
3.09 2770 0.00361243 0.859718 0.13667
3.1 2770 0.00349033 0.853695 0.142815
3.11 2770 0.00337199 0.847597 0.149031
3.12 2770 0.00325734 0.841427 0.155315
3.13 2770 0.00314634 0.83519 0.161664
3.14 2770 0.00303892 0.828888 0.168073
3.15 2770 0.00293505 0.822525 0.17454
3.16 2770 0.00283467 0.816105 0.18106
3.17 2770 0.00273771 0.80963 0.187632
3.18 2770 0.00264414 0.803105 0.194251
3.19 2770 0.00255389 0.796532 0.200914
3.2 2770 0.00246691 0.789915 0.207618
3.21 2770 0.00238316 0.783256 0.214361
3.22 2770 0.00230257 0.776559 0.221138
3.23 2770 0.00222509 0.769826 0.227949
3.24 2770 0.00215068 0.763061 0.234788
3.25 2770 0.00207927 0.756266 0.241655
3.26 2770 0.00201081 0.749443 0.248546
3.27 2770 0.00194526 0.742596 0.255459
3.28 2770 0.00188256 0.735727 0.26239
3.29 2770 0.00182266 0.728839 0.269339
3.3 2770 0.0017655 0.721933 0.276301
3.31 2770 0.00171104 0.715013 0.283276
3.32 2770 0.00165923 0.708081 0.29026
3.33 2770 0.00161001 0.701139 0.297251
3.34 2770 0.00156334 0.694189 0.304248
3.35 2770 0.00151916 0.687233 0.311248
3.36 2770 0.00147742 0.680274 0.318249
3.37 2770 0.00143809 0.673313 0.325249
3.38 2770 0.0014011 0.666353 0.332246
3.39 2770 0.00136642 0.659395 0.339239
3.4 2770 0.00133399 0.652441 0.346225
3.41 2770 0.00130377 0.645493 0.353203
3.42 2770 0.00127571 0.638553 0.360171
3.43 2770 0.00124976 0.631623 0.367127
3.44 2770 0.00122589 0.624704 0.374071
3.45 2770 0.00120404 0.617797 0.380999
3.46 2770 0.00118417 0.610905 0.387911
3.47 2770 0.00116624 0.604029 0.394805
3.48 2770 0.00115021 0.597169 0.40168
3.49 2770 0.00113603 0.590329 0.408535
3.5 2770 0.00112366 0.583509 0.415368
3.51 2770 0.00111306 0.57671 0.422177
3.52 2770 0.00110418 0.569934 0.428962
3.53 2770 0.00109699 0.563181 0.435722
3.54 2770 0.00109146 0.556454 0.442455
3.55 2770 0.00108753 0.549753 0.44916
3.56 2770 0.00108517 0.543079 0.455836
3.57 2770 0.00108434 0.536434 0.462482
3.58 2770 0.00108501 0.529818 0.469097
3.59 2770 0.00108714 0.523233 0.47568
3.6 2770 0.00109068 0.516679 0.48223
3.61 2770 0.00109562 0.510158 0.488747
3.62 2770 0.0011019 0.503669 0.495229
3.63 2770 0.0011095 0.497215 0.501675
3.64 2770 0.00111838 0.490796 0.508086
3.65 2770 0.00112851 0.484413 0.514459
3.66 2770 0.00113985 0.478066 0.520795
3.67 2770 0.00115238 0.471756 0.527092
3.68 2770 0.00116605 0.465484 0.53335
3.69 2770 0.00118085 0.459251 0.539569
3.7 2770 0.00119673 0.453057 0.545747
3.71 2770 0.00121367 0.446902 0.551884
3.72 2770 0.00123164 0.440788 0.55798
3.73 2770 0.00125061 0.434715 0.564034
3.74 2770 0.00127055 0.428684 0.570045
3.75 2770 0.00129143 0.422694 0.576014
3.76 2770 0.00131322 0.416747 0.581939
3.77 2770 0.0013359 0.410843 0.587821
3.78 2770 0.00135944 0.404983 0.593658
3.79 2770 0.00138381 0.399165 0.599451
3.8 2770 0.00140899 0.393393 0.605198
3.81 2770 0.00143495 0.387664 0.610901
3.82 2770 0.00146167 0.38198 0.616558
3.83 2770 0.00148912 0.376342 0.622169
3.84 2770 0.00151728 0.370749 0.627734
3.85 2770 0.00154613 0.365202 0.633252
3.86 2770 0.00157564 0.3597 0.638724
3.87 2770 0.00160578 0.354245 0.644149
3.88 2770 0.00163655 0.348836 0.649527
3.89 2770 0.00166791 0.343474 0.654858
3.9 2770 0.00169985 0.338159 0.660141
3.91 2770 0.00173233 0.33289 0.665377
3.92 2770 0.00176536 0.327669 0.670565
3.93 2770 0.00179889 0.322495 0.675706
3.94 2770 0.00183292 0.317369 0.680798
3.95 2770 0.00186743 0.31229 0.685843
3.96 2770 0.00190238 0.307258 0.69084
3.97 2770 0.00193778 0.302274 0.695788
3.98 2770 0.0019736 0.297338 0.700688
3.99 2770 0.00200981 0.29245 0.70554
4 2770 0.00204641 0.287609 0.710344
4.01 2770 0.00208338 0.282817 0.7151
4.02 2770 0.0021207 0.278072 0.719808
4.03 2770 0.00215835 0.273375 0.724467
4.04 2770 0.00219632 0.268726 0.729078
4.05 2770 0.00223459 0.264124 0.733641
4.06 2770 0.00227315 0.259571 0.738156
4.07 2770 0.00231199 0.255065 0.742623
4.08 2770 0.00235108 0.250606 0.747042
4.09 2770 0.00239042 0.246196 0.751414
4.1 2770 0.00242998 0.241833 0.755737
4.11 2770 0.00246976 0.237517 0.760013
4.12 2770 0.00250975 0.233249 0.764241
4.13 2770 0.00254992 0.229028 0.768422
4.14 2770 0.00259028 0.224854 0.772555
4.15 2770 0.0026308 0.220728 0.776642
4.16 2770 0.00267147 0.216648 0.780681
4.17 2770 0.00271228 0.212615 0.784673
4.18 2770 0.00275322 0.208628 0.788618
4.19 2770 0.00279428 0.204688 0.792517
4.2 2770 0.00283545 0.200795 0.79637
4.21 2770 0.00287672 0.196948 0.800176
4.22 2770 0.00291807 0.193146 0.803936
4.23 2770 0.0029595 0.189391 0.80765
4.24 2770 0.00300099 0.185681 0.811318
4.25 2770 0.00304254 0.182017 0.814941
4.26 2770 0.00308414 0.178398 0.818518
4.27 2770 0.00312577 0.174824 0.82205
4.28 2770 0.00316743 0.171295 0.825537
4.29 2770 0.00320911 0.167811 0.82898
4.3 2770 0.00325081 0.164371 0.832378
4.31 2770 0.0032925 0.160976 0.835732
4.32 2770 0.00333419 0.157625 0.839041
4.33 2770 0.00337587 0.154317 0.842307
4.34 2770 0.00341752 0.151054 0.845529
4.35 2770 0.00345915 0.147833 0.848708
4.36 2770 0.00350074 0.144656 0.851843
4.37 2770 0.00354229 0.141522 0.854936
4.38 2770 0.00358379 0.138431 0.857985
4.39 2770 0.00362523 0.135382 0.860993
4.4 2770 0.00366661 0.132375 0.863958
4.41 2770 0.00370792 0.129411 0.866881
4.42 2770 0.00374915 0.126488 0.869763
4.43 2770 0.0037903 0.123606 0.872603
4.44 2770 0.00383136 0.120766 0.875402
4.45 2770 0.00387233 0.117967 0.87816
4.46 2770 0.0039132 0.115209 0.880878
4.47 2770 0.00395396 0.112491 0.883555
4.48 2770 0.00399462 0.109814 0.886192
4.49 2770 0.00403516 0.107176 0.888789
4.5 2770 0.00407558 0.104578 0.891346
4.51 2770 0.00411587 0.10202 0.893864
4.52 2770 0.00415604 0.0995005 0.896343
4.53 2770 0.00419607 0.0970202 0.898784
4.54 2770 0.00423597 0.0945786 0.901185
4.55 2770 0.00427572 0.0921753 0.903549
4.56 2770 0.00431533 0.0898102 0.905874
4.57 2770 0.00435479 0.0874829 0.908162
4.58 2770 0.00439409 0.0851932 0.910413
4.59 2770 0.00443323 0.0829409 0.912626
4.6 2770 0.00447222 0.0807255 0.914802
4.61 2770 0.00451103 0.078547 0.916942
4.62 2770 0.00454968 0.0764049 0.919045
4.63 2770 0.00458816 0.0742991 0.921113
4.64 2770 0.00462647 0.0722292 0.923144
4.65 2770 0.00466459 0.070195 0.92514
4.66 2770 0.00470254 0.0681962 0.927101
4.67 2770 0.0047403 0.0662325 0.929027
4.68 2770 0.00477788 0.0643037 0.930918
4.69 2770 0.00481527 0.0624095 0.932775
4.7 2770 0.00485247 0.0605496 0.934598
4.71 2770 0.00488947 0.0587237 0.936387
4.72 2770 0.00492628 0.0569316 0.938142
4.73 2770 0.00496289 0.055173 0.939864
4.74 2770 0.0049993 0.0534476 0.941553
4.75 2770 0.00503551 0.0517552 0.943209
4.76 2770 0.00507151 0.0500955 0.944833
4.77 2770 0.00510731 0.0484681 0.946425
4.78 2770 0.0051429 0.046873 0.947984
4.79 2770 0.00517829 0.0453096 0.949512
4.8 2770 0.00521346 0.0437779 0.951009
4.81 2770 0.00524842 0.0422776 0.952474
4.82 2770 0.00528316 0.0408083 0.953909
4.83 2770 0.00531769 0.0393698 0.955313
4.84 2770 0.005352 0.0379618 0.956686
4.85 2770 0.0053861 0.0365841 0.95803
4.86 2770 0.00541997 0.0352365 0.959344
4.87 2770 0.00545362 0.0339185 0.960628
4.88 2770 0.00548706 0.0326301 0.961883
4.89 2770 0.00552027 0.0313709 0.963109
4.9 2770 0.00555326 0.0301406 0.964306
4.91 2770 0.00558602 0.0289391 0.965475
4.92 2770 0.00561856 0.027766 0.966615
4.93 2770 0.00565087 0.0266211 0.967728
4.94 2770 0.00568296 0.0255041 0.968813
4.95 2770 0.00571482 0.0244148 0.96987
4.96 2770 0.00574645 0.0233529 0.970901
4.97 2770 0.00577785 0.0223182 0.971904
4.98 2770 0.00580903 0.0213105 0.97288
4.99 2770 0.00583997 0.0203294 0.973831
5 2770 0.00587069 0.0193747 0.974755
5.01 2770 0.00590117 0.0184463 0.975653
5.02 2770 0.00593143 0.0175437 0.976525
5.03 2770 0.00596145 0.0166668 0.977372
5.04 2770 0.00599125 0.0158154 0.978193
5.05 2770 0.00602081 0.0149892 0.97899
5.06 2770 0.00605015 0.014188 0.979762
5.07 2770 0.00607925 0.0134115 0.980509
5.08 2770 0.00610812 0.0126594 0.981232
5.09 2770 0.00613676 0.0119316 0.981932
5.1 2770 0.00616517 0.0112278 0.982607
5.11 2770 0.00619334 0.0105479 0.983259
5.12 2770 0.00622129 0.00989141 0.983887
5.13 2770 0.00624901 0.00925828 0.984493
5.14 2770 0.00627649 0.00864823 0.985075
5.15 2770 0.00630375 0.00806105 0.985635
5.16 2770 0.00633077 0.0074965 0.986173
5.17 2770 0.00635757 0.00695435 0.986688
5.18 2770 0.00638413 0.00643439 0.987181
5.19 2770 0.00641047 0.00593639 0.987653
5.2 2770 0.00643658 0.00546013 0.988103
5.21 2770 0.00646245 0.00500539 0.988532
5.22 2770 0.0064881 0.00457195 0.98894
5.23 2770 0.00651353 0.0041596 0.989327
5.24 2770 0.00653872 0.00376812 0.989693
5.25 2770 0.00656369 0.0033973 0.990039
5.26 2770 0.00658843 0.00304692 0.990365
5.27 2770 0.00661295 0.00271678 0.99067
5.28 2770 0.00663724 0.00240667 0.990956
5.29 2770 0.00666131 0.00211637 0.991222
5.3 2770 0.00668515 0.00184569 0.991469
5.31 2770 0.00670877 0.00159441 0.991697
5.32 2770 0.00673216 0.00136234 0.991905
5.33 2770 0.00675534 0.00114927 0.992095
5.34 2770 0.00677829 0.000955004 0.992267
5.35 2770 0.00680102 0.000779341 0.99242
5.36 2770 0.00682353 0.000622086 0.992554
5.37 2770 0.00684582 0.000483042 0.992671
5.38 2770 0.0068679 0.000362015 0.99277
5.39 2770 0.00688975 0.000258811 0.992851
5.4 2770 0.00691139 0.000173241 0.992915
5.41 2770 0.00693281 0.000105114 0.992962
5.42 2770 0.00695402 5.42409e-05 0.992992
5.43 2770 0.00697501 2.04359e-05 0.993005
5.44 2770 0.00699578 3.51328e-06 0.993001
5.45 2770 0.00701635 3.28896e-06 0.99298
5.46 2770 0.0070367 1.95805e-05 0.992944
5.47 2770 0.00705684 5.22067e-05 0.992891
5.48 2770 0.00707677 0.000100988 0.992822
5.49 2770 0.00709649 0.000165746 0.992738
5.5 2770 0.007116 0.000246305 0.992638
5.51 2770 0.00713531 0.000342488 0.992522
5.52 2770 0.0071544 0.000454122 0.992391
5.53 2770 0.00717329 0.000581035 0.992246
5.54 2770 0.00719198 0.000723055 0.992085
5.55 2770 0.00721046 0.000880013 0.99191
5.56 2770 0.00722874 0.00105174 0.99172
5.57 2770 0.00724681 0.00123807 0.991515
5.58 2770 0.00726469 0.00143884 0.991296
5.59 2770 0.00728236 0.00165388 0.991064
5.6 2770 0.00729983 0.00188303 0.990817
5.61 2770 0.00731711 0.00212613 0.990557
5.62 2770 0.00733419 0.00238302 0.990283
5.63 2770 0.00735107 0.00265354 0.989995
5.64 2770 0.00736776 0.00293753 0.989695
5.65 2770 0.00738425 0.00323484 0.989381
5.66 2770 0.00740055 0.00354532 0.989054
5.67 2770 0.00741665 0.0038688 0.988715
5.68 2770 0.00743257 0.00420514 0.988362
5.69 2770 0.00744829 0.00455419 0.987998
5.7 2770 0.00746383 0.0049158 0.98762
5.71 2770 0.00747917 0.00528981 0.987231
5.72 2770 0.00749433 0.00567609 0.98683
5.73 2770 0.00750931 0.00607449 0.986416
5.74 2770 0.00752409 0.00648486 0.985991
5.75 2770 0.0075387 0.00690706 0.985554
5.76 2770 0.00755312 0.00734096 0.985106
5.77 2770 0.00756736 0.0077864 0.984646
5.78 2770 0.00758141 0.00824325 0.984175
5.79 2770 0.00759529 0.00871137 0.983693
5.8 2770 0.00760899 0.00919063 0.9832
5.81 2770 0.00762251 0.00968089 0.982697
5.82 2770 0.00763585 0.010182 0.982182
5.83 2770 0.00764902 0.0106939 0.981657
5.84 2770 0.00766201 0.0112163 0.981122
5.85 2770 0.00767483 0.0117493 0.980576
5.86 2770 0.00768747 0.0122926 0.98002
5.87 2770 0.00769995 0.012846 0.979454
5.88 2770 0.00771225 0.0134096 0.978878
5.89 2770 0.00772438 0.0139832 0.978292
5.9 2770 0.00773635 0.0145665 0.977697
5.91 2770 0.00774815 0.0151596 0.977092
5.92 2770 0.00775978 0.0157623 0.976478
5.93 2770 0.00777124 0.0163744 0.975854
5.94 2770 0.00778255 0.0169959 0.975222
5.95 2770 0.00779368 0.0176267 0.97458
5.96 2770 0.00780466 0.0182665 0.973929
5.97 2770 0.00781548 0.0189153 0.973269
5.98 2770 0.00782613 0.0195731 0.972601
5.99 2770 0.00783663 0.0202395 0.971924
6 2770 0.00784696 0.0209147 0.971238
6.01 2770 0.00785714 0.0215984 0.970544
6.02 2770 0.00786717 0.0222905 0.969842
6.03 2770 0.00787704 0.0229909 0.969132
6.04 2770 0.00788675 0.0236995 0.968414
6.05 2770 0.00789632 0.0244163 0.967687
6.06 2770 0.00790573 0.025141 0.966953
6.07 2770 0.00791499 0.0258736 0.966211
6.08 2770 0.0079241 0.026614 0.965462
6.09 2770 0.00793306 0.0273621 0.964705
6.1 2770 0.00794187 0.0281177 0.96394
6.11 2770 0.00795054 0.0288808 0.963169
6.12 2770 0.00795906 0.0296513 0.96239
6.13 2770 0.00796743 0.0304291 0.961603
6.14 2770 0.00797567 0.0312141 0.96081
6.15 2770 0.00798376 0.0320061 0.96001
6.16 2770 0.0079917 0.0328051 0.959203
6.17 2770 0.00799951 0.0336109 0.95839
6.18 2770 0.00800718 0.0344236 0.957569
6.19 2770 0.00801471 0.0352429 0.956742
6.2 2770 0.0080221 0.0360689 0.955909
6.21 2770 0.00802935 0.0369013 0.955069
6.22 2770 0.00803647 0.0377402 0.954223
6.23 2770 0.00804345 0.0385854 0.953371
6.24 2770 0.0080503 0.0394368 0.952513
6.25 2770 0.00805702 0.0402944 0.951649
6.26 2770 0.0080636 0.041158 0.950778
6.27 2770 0.00807006 0.0420276 0.949902
6.28 2770 0.00807638 0.042903 0.949021
6.29 2770 0.00808257 0.0437843 0.948133
6.3 2770 0.00808864 0.0446713 0.94724
6.31 2770 0.00809458 0.0455639 0.946342
6.32 2770 0.00810039 0.046462 0.945438
6.33 2770 0.00810608 0.0473656 0.944528
6.34 2770 0.00811164 0.0482746 0.943614
6.35 2770 0.00811708 0.0491889 0.942694
6.36 2770 0.0081224 0.0501084 0.941769
6.37 2770 0.00812759 0.0510331 0.940839
6.38 2770 0.00813267 0.0519628 0.939905
6.39 2770 0.00813762 0.0528975 0.938965
6.4 2770 0.00814246 0.0538371 0.93802
6.41 2770 0.00814718 0.0547816 0.937071
6.42 2770 0.00815178 0.0557308 0.936117
6.43 2770 0.00815626 0.0566846 0.935159
6.44 2770 0.00816063 0.0576431 0.934196
6.45 2770 0.00816489 0.0586062 0.933229
6.46 2770 0.00816903 0.0595737 0.932257
6.47 2770 0.00817306 0.0605456 0.931281
6.48 2770 0.00817698 0.0615218 0.930301
6.49 2770 0.00818078 0.0625023 0.929317
6.5 2770 0.00818448 0.0634869 0.928329
6.51 2770 0.00818807 0.0644757 0.927336
6.52 2770 0.00819154 0.0654685 0.92634
6.53 2770 0.00819492 0.0664653 0.92534
6.54 2770 0.00819818 0.067466 0.924336
6.55 2770 0.00820134 0.0684706 0.923328
6.56 2770 0.00820439 0.069479 0.922317
6.57 2770 0.00820734 0.070491 0.921302
6.58 2770 0.00821019 0.0715068 0.920283
6.59 2770 0.00821293 0.0725261 0.919261
6.6 2770 0.00821557 0.0735489 0.918235
6.61 2770 0.00821812 0.0745753 0.917207
6.62 2770 0.00822056 0.075605 0.916174
6.63 2770 0.0082229 0.0766381 0.915139
6.64 2770 0.00822514 0.0776744 0.9141
6.65 2770 0.00822729 0.078714 0.913059
6.66 2770 0.00822934 0.0797568 0.912014
6.67 2770 0.00823129 0.0808027 0.910966
6.68 2770 0.00823315 0.0818516 0.909915
6.69 2770 0.00823491 0.0829036 0.908862
6.7 2770 0.00823658 0.0839584 0.907805
6.71 2770 0.00823816 0.0850162 0.906746
6.72 2770 0.00823965 0.0860768 0.905684
6.73 2770 0.00824104 0.0871402 0.904619
6.74 2770 0.00824234 0.0882063 0.903551
6.75 2770 0.00824355 0.089275 0.902481
6.76 2770 0.00824468 0.0903464 0.901409
6.77 2770 0.00824571 0.0914204 0.900334
6.78 2770 0.00824666 0.0924968 0.899257
6.79 2770 0.00824752 0.0935758 0.898177
6.8 2770 0.0082483 0.0946571 0.897095
6.81 2770 0.00824898 0.0957408 0.89601
6.82 2770 0.00824959 0.0968268 0.894924
6.83 2770 0.00825011 0.0979151 0.893835
6.84 2770 0.00825055 0.0990056 0.892744
6.85 2770 0.0082509 0.100098 0.891651
6.86 2770 0.00825117 0.101193 0.890556
6.87 2770 0.00825136 0.10229 0.889459
6.88 2770 0.00825147 0.103389 0.88836
6.89 2770 0.0082515 0.10449 0.887259
6.9 2770 0.00825145 0.105593 0.886156
6.91 2770 0.00825133 0.106697 0.885051
6.92 2770 0.00825112 0.107804 0.883945
6.93 2770 0.00825084 0.108912 0.882837
6.94 2770 0.00825048 0.110022 0.881727
6.95 2770 0.00825005 0.111134 0.880616
6.96 2770 0.00824954 0.112248 0.879503
6.97 2770 0.00824895 0.113363 0.878388
6.98 2770 0.00824829 0.114479 0.877272
6.99 2770 0.00824756 0.115598 0.876155
7 2770 0.00824676 0.116718 0.875036
7.01 2770 0.00824588 0.117839 0.873915
7.02 2770 0.00824494 0.118961 0.872794
7.03 2770 0.00824392 0.120086 0.871671
7.04 2770 0.00824283 0.121211 0.870546
7.05 2770 0.00824167 0.122338 0.869421
7.06 2770 0.00824045 0.123466 0.868294
7.07 2770 0.00823915 0.124595 0.867166
7.08 2770 0.00823779 0.125726 0.866037
7.09 2770 0.00823636 0.126857 0.864906
7.1 2770 0.00823487 0.12799 0.863775
7.11 2770 0.0082333 0.129124 0.862643
7.12 2770 0.00823168 0.130259 0.86151
7.13 2770 0.00822999 0.131395 0.860375
7.14 2770 0.00822823 0.132532 0.85924
7.15 2770 0.00822641 0.133669 0.858104
7.16 2770 0.00822453 0.134808 0.856967
7.17 2770 0.00822259 0.135948 0.85583
7.18 2770 0.00822058 0.137088 0.854691
7.19 2770 0.00821852 0.13823 0.853552
7.2 2770 0.00821639 0.139372 0.852412
7.21 2770 0.0082142 0.140515 0.851271
7.22 2770 0.00821196 0.141658 0.85013
7.23 2770 0.00820965 0.142803 0.848988
7.24 2770 0.00820728 0.143948 0.847845
7.25 2770 0.00820486 0.145093 0.846702
7.26 2770 0.00820238 0.146239 0.845558
7.27 2770 0.00819985 0.147386 0.844414
7.28 2770 0.00819725 0.148533 0.843269
7.29 2770 0.00819461 0.149681 0.842124
7.3 2770 0.0081919 0.150829 0.840979
7.31 2770 0.00818914 0.151978 0.839833
7.32 2770 0.00818633 0.153127 0.838686
7.33 2770 0.00818347 0.154277 0.83754
7.34 2770 0.00818055 0.155427 0.836393
7.35 2770 0.00817757 0.156577 0.835245
7.36 2770 0.00817455 0.157728 0.834098
7.37 2770 0.00817147 0.158879 0.83295
7.38 2770 0.00816835 0.16003 0.831802
7.39 2770 0.00816517 0.161181 0.830654
7.4 2770 0.00816194 0.162333 0.829505
7.41 2770 0.00815866 0.163484 0.828357
7.42 2770 0.00815533 0.164636 0.827208
7.43 2770 0.00815196 0.165788 0.82606
7.44 2770 0.00814853 0.16694 0.824911
7.45 2770 0.00814506 0.168093 0.823762
7.46 2770 0.00814154 0.169245 0.822613
7.47 2770 0.00813798 0.170397 0.821465
7.48 2770 0.00813436 0.17155 0.820316
7.49 2770 0.0081307 0.172702 0.819167
7.5 2770 0.008127 0.173854 0.818019
7.51 2770 0.00812325 0.175007 0.81687
7.52 2770 0.00811946 0.176159 0.815722
7.53 2770 0.00811562 0.177311 0.814574
7.54 2770 0.00811173 0.178463 0.813425
7.55 2770 0.00810781 0.179615 0.812278
7.56 2770 0.00810384 0.180766 0.81113
7.57 2770 0.00809983 0.181918 0.809982
7.58 2770 0.00809578 0.183069 0.808835
7.59 2770 0.00809168 0.18422 0.807688
7.6 2770 0.00808754 0.185371 0.806542
7.61 2770 0.00808337 0.186521 0.805395
7.62 2770 0.00807915 0.187672 0.804249
7.63 2770 0.00807489 0.188822 0.803104
7.64 2770 0.0080706 0.189971 0.801958
7.65 2770 0.00806626 0.19112 0.800813
7.66 2770 0.00806188 0.192269 0.799669
7.67 2770 0.00805747 0.193418 0.798525
7.68 2770 0.00805302 0.194566 0.797381
7.69 2770 0.00804853 0.195714 0.796238
7.7 2770 0.008044 0.196861 0.795095
7.71 2770 0.00803944 0.198008 0.793953
7.72 2770 0.00803484 0.199154 0.792811
7.73 2770 0.00803021 0.2003 0.79167
7.74 2770 0.00802553 0.201445 0.790529
7.75 2770 0.00802083 0.20259 0.789389
7.76 2770 0.00801609 0.203734 0.78825
7.77 2770 0.00801131 0.204878 0.787111
7.78 2770 0.0080065 0.206021 0.785972
7.79 2770 0.00800165 0.207164 0.784835
7.8 2770 0.00799678 0.208306 0.783698
7.81 2770 0.00799187 0.209447 0.782561
7.82 2770 0.00798692 0.210588 0.781425
7.83 2770 0.00798195 0.211728 0.78029
7.84 2770 0.00797694 0.212867 0.779156
7.85 2770 0.0079719 0.214006 0.778022
7.86 2770 0.00796683 0.215144 0.776889
7.87 2770 0.00796172 0.216281 0.775757
7.88 2770 0.00795659 0.217418 0.774626
7.89 2770 0.00795143 0.218553 0.773495
7.9 2770 0.00794623 0.219689 0.772365
7.91 2770 0.00794101 0.220823 0.771236
7.92 2770 0.00793576 0.221956 0.770108
7.93 2770 0.00793048 0.223089 0.76898
7.94 2770 0.00792517 0.224221 0.767854
7.95 2770 0.00791983 0.225352 0.766728
7.96 2770 0.00791446 0.226483 0.765603
7.97 2770 0.00790906 0.227612 0.764479
7.98 2770 0.00790364 0.228741 0.763356
7.99 2770 0.00789819 0.229868 0.762233
8 2770 0.00789272 0.230995 0.761112
8.01 2770 0.00788721 0.232121 0.759992
8.02 2770 0.00788168 0.233246 0.758872
8.03 2770 0.00787613 0.23437 0.757754
8.04 2770 0.00787055 0.235494 0.756636
8.05 2770 0.00786494 0.236616 0.755519
8.06 2770 0.00785931 0.237737 0.754404
8.07 2770 0.00785365 0.238857 0.753289
8.08 2770 0.00784797 0.239977 0.752175
8.09 2770 0.00784227 0.241095 0.751062
8.1 2770 0.00783654 0.242213 0.749951
8.11 2770 0.00783079 0.243329 0.74884
8.12 2770 0.00782501 0.244444 0.747731
8.13 2770 0.00781921 0.245559 0.746622
8.14 2770 0.00781339 0.246672 0.745514
8.15 2770 0.00780755 0.247784 0.744408
8.16 2770 0.00780168 0.248896 0.743303
8.17 2770 0.00779579 0.250006 0.742198
8.18 2770 0.00778988 0.251115 0.741095
8.19 2770 0.00778395 0.252223 0.739993
8.2 2770 0.007778 0.25333 0.738892
8.21 2770 0.00777203 0.254436 0.737792
8.22 2770 0.00776603 0.25554 0.736694
8.23 2770 0.00776002 0.256644 0.735596
8.24 2770 0.00775398 0.257746 0.7345
8.25 2770 0.00774793 0.258848 0.733404
8.26 2770 0.00774185 0.259948 0.73231
8.27 2770 0.00773576 0.261047 0.731217
8.28 2770 0.00772965 0.262145 0.730125
8.29 2770 0.00772351 0.263242 0.729035
8.3 2770 0.00771736 0.264337 0.727945
8.31 2770 0.00771119 0.265432 0.726857
8.32 2770 0.00770501 0.266525 0.72577
8.33 2770 0.0076988 0.267617 0.724685
8.34 2770 0.00769258 0.268707 0.7236
8.35 2770 0.00768634 0.269797 0.722517
8.36 2770 0.00768008 0.270885 0.721435
8.37 2770 0.00767381 0.271972 0.720354
8.38 2770 0.00766751 0.273058 0.719274
8.39 2770 0.00766121 0.274143 0.718196
8.4 2770 0.00765488 0.275226 0.717119
8.41 2770 0.00764854 0.276308 0.716043
8.42 2770 0.00764218 0.277389 0.714969
8.43 2770 0.00763581 0.278469 0.713895
8.44 2770 0.00762942 0.279547 0.712824
8.45 2770 0.00762302 0.280624 0.711753
8.46 2770 0.0076166 0.2817 0.710684
8.47 2770 0.00761017 0.282774 0.709616
8.48 2770 0.00760372 0.283847 0.708549
8.49 2770 0.00759726 0.284919 0.707484
8.5 2770 0.00759078 0.28599 0.706419
8.51 2770 0.00758429 0.287059 0.705357
8.52 2770 0.00757779 0.288127 0.704295
8.53 2770 0.00757127 0.289193 0.703235
8.54 2770 0.00756474 0.290259 0.702177
8.55 2770 0.0075582 0.291323 0.701119
8.56 2770 0.00755164 0.292385 0.700063
8.57 2770 0.00754507 0.293446 0.699009
8.58 2770 0.00753848 0.294506 0.697955
8.59 2770 0.00753189 0.295565 0.696903
8.6 2770 0.00752528 0.296622 0.695853
8.61 2770 0.00751866 0.297678 0.694804
8.62 2770 0.00751203 0.298732 0.693756
8.63 2770 0.00750539 0.299785 0.69271
8.64 2770 0.00749873 0.300837 0.691665
8.65 2770 0.00749207 0.301887 0.690621
8.66 2770 0.00748539 0.302936 0.689579
8.67 2770 0.0074787 0.303983 0.688538
8.68 2770 0.007472 0.305029 0.687499
8.69 2770 0.00746529 0.306074 0.686461
8.7 2770 0.00745857 0.307117 0.685424
8.71 2770 0.00745184 0.308159 0.684389
8.72 2770 0.0074451 0.309199 0.683355
8.73 2770 0.00743835 0.310238 0.682323
8.74 2770 0.00743159 0.311276 0.681292
8.75 2770 0.00742482 0.312312 0.680263
8.76 2770 0.00741804 0.313347 0.679235
8.77 2770 0.00741125 0.31438 0.678209
8.78 2770 0.00740445 0.315412 0.677183
8.79 2770 0.00739765 0.316443 0.67616
8.8 2770 0.00739083 0.317472 0.675138
8.81 2770 0.00738401 0.318499 0.674117
8.82 2770 0.00737717 0.319525 0.673098
8.83 2770 0.00737033 0.32055 0.67208
8.84 2770 0.00736348 0.321573 0.671063
8.85 2770 0.00735663 0.322595 0.670049
8.86 2770 0.00734976 0.323615 0.669035
8.87 2770 0.00734289 0.324634 0.668023
8.88 2770 0.00733601 0.325651 0.667013
8.89 2770 0.00732912 0.326667 0.666004
8.9 2770 0.00732223 0.327682 0.664996
8.91 2770 0.00731533 0.328694 0.66399
8.92 2770 0.00730842 0.329706 0.662986
8.93 2770 0.0073015 0.330716 0.661983
8.94 2770 0.00729458 0.331724 0.660981
8.95 2770 0.00728765 0.332731 0.659981
8.96 2770 0.00728071 0.333737 0.658982
8.97 2770 0.00727377 0.334741 0.657985
8.98 2770 0.00726682 0.335744 0.65699
8.99 2770 0.00725987 0.336745 0.655995
9 2770 0.00725291 0.337744 0.655003
9.01 2770 0.00724595 0.338742 0.654012
9.02 2770 0.00723898 0.339739 0.653022
9.03 2770 0.007232 0.340734 0.652034
9.04 2770 0.00722502 0.341728 0.651047
9.05 2770 0.00721803 0.34272 0.650062
9.06 2770 0.00721104 0.34371 0.649079
9.07 2770 0.00720404 0.344699 0.648097
9.08 2770 0.00719704 0.345687 0.647116
9.09 2770 0.00719003 0.346673 0.646137
9.1 2770 0.00718302 0.347658 0.645159
9.11 2770 0.00717601 0.348641 0.644183
9.12 2770 0.00716899 0.349622 0.643209
9.13 2770 0.00716196 0.350602 0.642236
9.14 2770 0.00715493 0.351581 0.641264
9.15 2770 0.0071479 0.352558 0.640294
9.16 2770 0.00714087 0.353533 0.639326
9.17 2770 0.00713383 0.354507 0.638359
9.18 2770 0.00712678 0.355479 0.637394
9.19 2770 0.00711974 0.35645 0.63643
9.2 2770 0.00711269 0.35742 0.635468
9.21 2770 0.00710563 0.358388 0.634507
9.22 2770 0.00709858 0.359354 0.633547
9.23 2770 0.00709152 0.360319 0.63259
9.24 2770 0.00708445 0.361282 0.631633
9.25 2770 0.00707739 0.362244 0.630679
9.26 2770 0.00707032 0.363204 0.629726
9.27 2770 0.00706325 0.364163 0.628774
9.28 2770 0.00705618 0.36512 0.627824
9.29 2770 0.0070491 0.366076 0.626875
9.3 2770 0.00704202 0.36703 0.625928
9.31 2770 0.00703494 0.367982 0.624983
9.32 2770 0.00702786 0.368934 0.624039
9.33 2770 0.00702078 0.369883 0.623096
9.34 2770 0.00701369 0.370831 0.622155
9.35 2770 0.0070066 0.371778 0.621216
9.36 2770 0.00699951 0.372723 0.620278
9.37 2770 0.00699242 0.373666 0.619342
9.38 2770 0.00698533 0.374608 0.618407
9.39 2770 0.00697823 0.375548 0.617474
9.4 2770 0.00697114 0.376487 0.616542
9.41 2770 0.00696404 0.377424 0.615612
9.42 2770 0.00695694 0.37836 0.614683
9.43 2770 0.00694984 0.379294 0.613756
9.44 2770 0.00694274 0.380227 0.61283
9.45 2770 0.00693564 0.381158 0.611906
9.46 2770 0.00692854 0.382088 0.610984
9.47 2770 0.00692144 0.383016 0.610063
9.48 2770 0.00691433 0.383942 0.609143
9.49 2770 0.00690723 0.384868 0.608225
9.5 2770 0.00690013 0.385791 0.607309
9.51 2770 0.00689302 0.386713 0.606394
9.52 2770 0.00688592 0.387633 0.605481
9.53 2770 0.00687881 0.388552 0.604569
9.54 2770 0.00687171 0.38947 0.603659
9.55 2770 0.0068646 0.390386 0.60275
9.56 2770 0.0068575 0.3913 0.601843
9.57 2770 0.00685039 0.392213 0.600937
9.58 2770 0.00684329 0.393124 0.600033
9.59 2770 0.00683619 0.394034 0.59913
9.6 2770 0.00682908 0.394942 0.598229
9.61 2770 0.00682198 0.395849 0.597329
9.62 2770 0.00681488 0.396754 0.596431
9.63 2770 0.00680778 0.397657 0.595535
9.64 2770 0.00680067 0.39856 0.59464
9.65 2770 0.00679357 0.39946 0.593746
9.66 2770 0.00678647 0.400359 0.592854
9.67 2770 0.00677938 0.401257 0.591964
9.68 2770 0.00677228 0.402153 0.591075
9.69 2770 0.00676518 0.403047 0.590188
9.7 2770 0.00675809 0.40394 0.589302
9.71 2770 0.00675099 0.404832 0.588417
9.72 2770 0.0067439 0.405721 0.587535
9.73 2770 0.00673681 0.40661 0.586653
9.74 2770 0.00672972 0.407497 0.585774
9.75 2770 0.00672263 0.408382 0.584895
9.76 2770 0.00671554 0.409266 0.584018
9.77 2770 0.00670846 0.410148 0.583143
9.78 2770 0.00670137 0.411029 0.58227
9.79 2770 0.00669429 0.411908 0.581397
9.8 2770 0.00668721 0.412786 0.580527
9.81 2770 0.00668013 0.413662 0.579657
9.82 2770 0.00667306 0.414537 0.57879
9.83 2770 0.00666598 0.41541 0.577924
9.84 2770 0.00665891 0.416282 0.577059
9.85 2770 0.00665184 0.417152 0.576196
9.86 2770 0.00664477 0.418021 0.575334
9.87 2770 0.00663771 0.418888 0.574474
9.88 2770 0.00663064 0.419754 0.573615
9.89 2770 0.00662358 0.420618 0.572758
9.9 2770 0.00661653 0.421481 0.571902
9.91 2770 0.00660947 0.422342 0.571048
9.92 2770 0.00660242 0.423202 0.570196
9.93 2770 0.00659537 0.42406 0.569344
9.94 2770 0.00658832 0.424917 0.568495
9.95 2770 0.00658127 0.425772 0.567647
9.96 2770 0.00657423 0.426626 0.5668
9.97 2770 0.00656719 0.427478 0.565955
9.98 2770 0.00656015 0.428329 0.565111
9.99 2770 0.00655312 0.429178 0.564269
10 2770 0.00654609 0.430026 0.563428
