0.1 2540 0.510533 0.168076 0.32139
0.101 2540 0.38875 0.218318 0.392932
0.102 2540 0.450702 0.334965 0.214333
0.103 2540 0.578571 0.277087 0.144342
0.104 2540 0.537455 0.174587 0.287958
0.105 2540 0.410663 0.227242 0.362095
0.106 2540 0.426023 0.323322 0.250656
0.107 2540 0.556215 0.281836 0.161949
0.108 2540 0.586516 0.183645 0.229839
0.109 2540 0.474008 0.204848 0.321145
0.11 2540 0.398226 0.308198 0.293575
0.111 2540 0.472025 0.320199 0.207775
0.112 2540 0.584085 0.220067 0.195848
0.113 2540 0.57634 0.164589 0.259072
0.114 2540 0.463792 0.241543 0.294664
0.115 2540 0.398381 0.34288 0.258738
0.116 2540 0.461376 0.325493 0.213131
0.117 2540 0.569142 0.209612 0.221246
0.118 2540 0.589663 0.146983 0.263354
0.119 2540 0.501482 0.221746 0.276772
0.12 2540 0.407451 0.347772 0.244776
0.121 2540 0.409633 0.37717 0.213198
0.122 2540 0.500401 0.273859 0.22574
0.123 2540 0.580907 0.150521 0.268572
0.124 2540 0.569321 0.141402 0.289277
0.125 2540 0.479136 0.260648 0.260216
0.126 2540 0.397205 0.392254 0.210541
0.127 2540 0.396668 0.409001 0.194331
0.128 2540 0.472829 0.293999 0.233172
0.129 2540 0.554717 0.151778 0.293505
0.13 2540 0.571403 0.109789 0.318808
0.131 2540 0.510229 0.207029 0.282742
0.132 2540 0.421339 0.365264 0.213397
0.133 2540 0.372791 0.45814 0.16907
0.134 2540 0.397527 0.413282 0.189192
0.135 2540 0.472553 0.265163 0.262284
0.136 2540 0.540654 0.124149 0.335197
0.137 2540 0.553329 0.0929065 0.353765
0.138 2540 0.502709 0.194753 0.302537
0.139 2540 0.422906 0.361922 0.215172
0.14 2540 0.364266 0.485309 0.150425
0.141 2540 0.360532 0.48695 0.152518
0.142 2540 0.409957 0.367117 0.222926
0.143 2540 0.479641 0.1998 0.320559
0.144 2540 0.527311 0.0847765 0.387912
0.145 2540 0.52583 0.0886973 0.385472
0.146 2540 0.476587 0.209641 0.313772
0.147 2540 0.40614 0.382127 0.211733
0.148 2540 0.350183 0.515563 0.134254
0.149 2540 0.334728 0.542526 0.122746
0.15 2540 0.364208 0.451312 0.184479
0.151 2540 0.421315 0.288357 0.290328
0.152 2540 0.477035 0.132598 0.390368
0.153 2540 0.504904 0.0568179 0.438278
0.154 2540 0.492531 0.0950369 0.412432
0.155 2540 0.445702 0.229837 0.324462
0.156 2540 0.384323 0.402987 0.21269
0.157 2540 0.332974 0.542376 0.12465
0.158 2540 0.310617 0.592365 0.0970182
0.159 2540 0.323646 0.534989 0.141365
0.16 2540 0.364548 0.394628 0.240824
0.161 2540 0.415914 0.226142 0.357944
0.162 2540 0.457652 0.0926584 0.44969
0.163 2540 0.474379 0.0422352 0.483386
0.164 2540 0.460365 0.0918318 0.447804
0.165 2540 0.420653 0.223392 0.355955
0.166 2540 0.368469 0.39209 0.239441
0.167 2540 0.320236 0.54271 0.137054
0.168 2540 0.290103 0.628001 0.0818953
0.169 2540 0.285758 0.622986 0.0912562
0.17 2540 0.306643 0.531217 0.16214
0.171 2540 0.344807 0.381952 0.273241
0.172 2540 0.387825 0.220003 0.392171
0.173 2540 0.422672 0.0919909 0.485337
0.174 2540 0.439376 0.0332162 0.527407
0.175 2540 0.433461 0.0587387 0.507801
0.176 2540 0.406676 0.160612 0.432712
0.177 2540 0.366041 0.311378 0.322582
0.178 2540 0.321643 0.472267 0.206091
0.179 2540 0.283892 0.603565 0.112543
0.18 2540 0.260979 0.674354 0.0646665
0.181 2540 0.257112 0.669346 0.0735424
0.182 2540 0.271859 0.591488 0.136652
0.183 2540 0.300616 0.46018 0.239204
0.184 2540 0.335955 0.305924 0.35812
0.185 2540 0.369468 0.162982 0.46755
0.186 2540 0.393625 0.0618094 0.544565
0.187 2540 0.403282 0.0229074 0.573811
0.188 2540 0.396539 0.0532208 0.55024
0.189 2540 0.374875 0.145565 0.47956
0.19 2540 0.342592 0.280895 0.376514
0.191 2540 0.305777 0.432687 0.261536
0.192 2540 0.271022 0.572396 0.156582
0.193 2540 0.24417 0.67485 0.0809807
0.194 2540 0.229317 0.722607 0.0480763
0.195 2540 0.228223 0.708586 0.0631911
0.196 2540 0.240181 0.636678 0.123141
0.197 2540 0.262319 0.520434 0.217247
0.198 2540 0.290245 0.380223 0.329532
0.199 2540 0.318872 0.239502 0.441626
0.2 2540 0.343285 0.120868 0.535847
0.201 2540 0.3595 0.0425562 0.597944
0.202 2540 0.365009 0.0158838 0.619107
0.203 2540 0.359052 0.0439479 0.597
0.204 2540 0.342599 0.121645 0.535756
0.205 2540 0.318088 0.23689 0.445022
0.206 2540 0.288968 0.37275 0.338282
0.207 2540 0.259148 0.510088 0.230764
0.208 2540 0.232426 0.63032 0.137254
0.209 2540 0.211984 0.717885 0.0701308
0.21 2540 0.200015 0.762124 0.037861
0.211 2540 0.197507 0.758382 0.0441119
0.212 2540 0.204198 0.708257 0.0875448
0.213 2540 0.218705 0.619044 0.162251
0.214 2540 0.238762 0.502516 0.258721
0.215 2540 0.261563 0.373255 0.365182
0.216 2540 0.284123 0.246772 0.469105
0.217 2540 0.303643 0.137655 0.558702
0.218 2540 0.317813 0.0579609 0.624226
0.219 2540 0.32504 0.0160114 0.658949
0.22 2540 0.324569 0.0156864 0.659744
0.221 2540 0.316516 0.056254 0.62723
0.222 2540 0.301788 0.132704 0.565508
0.223 2540 0.281942 0.236506 0.481552
0.224 2540 0.258979 0.356676 0.384346
0.225 2540 0.235111 0.48101 0.283878
0.226 2540 0.212535 0.597362 0.190103
0.227 2540 0.193211 0.69481 0.111979
0.228 2540 0.178699 0.764632 0.0566686
0.229 2540 0.170033 0.801006 0.0289615
0.23 2540 0.167663 0.80138 0.0309571
0.231 2540 0.17145 0.766536 0.0620142
0.232 2540 0.18072 0.700332 0.118949
0.233 2540 0.194353 0.609204 0.196442
0.234 2540 0.210914 0.501478 0.287609
0.235 2540 0.228788 0.386559 0.384653
0.236 2540 0.246333 0.274099 0.479568
0.237 2540 0.262012 0.173195 0.564793
0.238 2540 0.274512 0.0916868 0.633802
0.239 2540 0.282832 0.035605 0.681563
0.24 2540 0.286346 0.00879898 0.704855
0.241 2540 0.284821 0.0127563 0.702422
0.242 2540 0.278418 0.0466149 0.674968
0.243 2540 0.267646 0.107349 0.625005
0.244 2540 0.253312 0.190102 0.556586
0.245 2540 0.23644 0.288626 0.474934
0.246 2540 0.218185 0.395799 0.386017
0.247 2540 0.199746 0.504155 0.296099
0.248 2540 0.182281 0.606419 0.211301
0.249 2540 0.16683 0.695976 0.137194
0.25 2540 0.154255 0.767281 0.0784639
0.251 2540 0.145192 0.816162 0.0386453
0.252 2540 0.140026 0.840018 0.0199559
0.253 2540 0.138881 0.8379 0.0232198
0.254 2540 0.141625 0.810491 0.0478845
0.255 2540 0.147898 0.759981 0.0921215
0.256 2540 0.157145 0.689858 0.152997
0.257 2540 0.16866 0.604641 0.226699
0.258 2540 0.181637 0.509561 0.308802
0.259 2540 0.195222 0.410231 0.394547
0.26 2540 0.208566 0.312304 0.47913
0.261 2540 0.22087 0.221163 0.557967
0.262 2540 0.231429 0.141636 0.626935
0.263 2540 0.23966 0.0777633 0.682577
0.264 2540 0.245132 0.0326216 0.722246
0.265 2540 0.247577 0.00821019 0.744212
0.266 2540 0.246896 0.00539977 0.747705
0.267 2540 0.24315 0.023943 0.732907
0.268 2540 0.236555 0.062541 0.700904
0.269 2540 0.227457 0.118958 0.653586
0.27 2540 0.21631 0.190173 0.593517
0.271 2540 0.203647 0.272566 0.523787
0.272 2540 0.19005 0.362115 0.447835
0.273 2540 0.176123 0.454599 0.369278
0.274 2540 0.162458 0.545807 0.291735
0.275 2540 0.149612 0.631723 0.218665
0.276 2540 0.138082 0.708698 0.15322
0.277 2540 0.128288 0.773592 0.0981203
0.278 2540 0.120558 0.823886 0.0555567
0.279 2540 0.115118 0.857759 0.0271225
0.28 2540 0.112091 0.874137 0.0137722
0.281 2540 0.111492 0.872697 0.0158113
0.282 2540 0.11324 0.853847 0.0329132
0.283 2540 0.11716 0.81868 0.0641604
0.284 2540 0.123 0.768892 0.108107
0.285 2540 0.130444 0.706695 0.162861
0.286 2540 0.139123 0.634704 0.226173
0.287 2540 0.148641 0.555817 0.295542
0.288 2540 0.158582 0.473099 0.368318
0.289 2540 0.168535 0.389657 0.441808
0.29 2540 0.178103 0.308524 0.513373
0.291 2540 0.186918 0.232555 0.580527
0.292 2540 0.194657 0.164332 0.641011
0.293 2540 0.201043 0.106087 0.69287
0.294 2540 0.205862 0.0596379 0.734501
0.295 2540 0.208958 0.0263481 0.764694
0.296 2540 0.210241 0.00709797 0.782661
0.297 2540 0.209687 0.00227817 0.788035
0.298 2540 0.207331 0.0117983 0.780871
0.299 2540 0.203266 0.0351108 0.761624
0.3 2540 0.197636 0.0712488 0.731115
0.301 2540 0.190631 0.118875 0.690494
0.302 2540 0.182476 0.176339 0.641186
0.303 2540 0.173421 0.241741 0.584838
0.304 2540 0.163736 0.313004 0.52326
0.305 2540 0.153702 0.387937 0.458362
0.306 2540 0.143595 0.464311 0.392094
0.307 2540 0.133687 0.539923 0.32639
0.308 2540 0.124233 0.612656 0.263111
0.309 2540 0.115466 0.680541 0.203993
0.31 2540 0.10759 0.741801 0.150609
0.311 2540 0.100779 0.794893 0.104328
0.312 2540 0.0951708 0.838543 0.0662857
0.313 2540 0.0908649 0.871767 0.0373681
0.314 2540 0.0879233 0.893883 0.0181934
0.315 2540 0.0863699 0.904521 0.00910892
0.316 2540 0.0861916 0.903615 0.0101929
0.317 2540 0.0873406 0.891396 0.0212634
0.318 2540 0.0897372 0.868369 0.0418935
0.319 2540 0.0932736 0.835294 0.0714322
0.32 2540 0.0978174 0.793153 0.109029
0.321 2540 0.103217 0.743119 0.153664
0.322 2540 0.109305 0.686518 0.204177
0.323 2540 0.115904 0.624792 0.259304
0.324 2540 0.122831 0.559462 0.317707
0.325 2540 0.129902 0.492085 0.378013
0.326 2540 0.136937 0.424222 0.438841
0.327 2540 0.143762 0.357398 0.498841
0.328 2540 0.150213 0.293071 0.556715
0.329 2540 0.156144 0.232606 0.61125
0.33 2540 0.161423 0.17724 0.661337
0.331 2540 0.165936 0.12807 0.705994
0.332 2540 0.169591 0.0860295 0.74438
0.333 2540 0.172317 0.0518758 0.775807
0.334 2540 0.174066 0.0261836 0.79975
0.335 2540 0.174811 0.00933831 0.815851
0.336 2540 0.174545 0.0015367 0.823918
0.337 2540 0.173286 0.00278993 0.823925
0.338 2540 0.171066 0.0129309 0.816003
0.339 2540 0.16794 0.0316245 0.800435
0.34 2540 0.163976 0.0583806 0.777644
0.341 2540 0.159255 0.0925699 0.748175
0.342 2540 0.153874 0.133441 0.712685
0.343 2540 0.147934 0.180139 0.671927
0.344 2540 0.141548 0.231727 0.626725
0.345 2540 0.13483 0.287203 0.577967
0.346 2540 0.127898 0.345525 0.526577
0.347 2540 0.12087 0.405628 0.473502
0.348 2540 0.11386 0.466446 0.419694
0.349 2540 0.106981 0.526928 0.36609
0.35 2540 0.100339 0.586058 0.313603
0.351 2540 0.0940301 0.642871 0.263099
0.352 2540 0.0881453 0.696466 0.215389
0.353 2540 0.0827634 0.746019 0.171218
0.354 2540 0.077953 0.790795 0.131252
0.355 2540 0.073771 0.830155 0.0960737
0.356 2540 0.0702622 0.863566 0.0661718
0.357 2540 0.0674595 0.8906 0.0419403
0.358 2540 0.0653833 0.910942 0.0236744
0.359 2540 0.0640421 0.924389 0.0115693
0.36 2540 0.0634327 0.930846 0.00572113
0.361 2540 0.0635408 0.93033 0.00612916
0.362 2540 0.0643418 0.922959 0.0126991
0.363 2540 0.0658013 0.908951 0.0252482
0.364 2540 0.0678764 0.888613 0.0435107
0.365 2540 0.0705165 0.862338 0.0671454
0.366 2540 0.0736645 0.830593 0.0957428
0.367 2540 0.0772576 0.793909 0.128834
0.368 2540 0.0812288 0.752874 0.165897
0.369 2540 0.085508 0.70812 0.206372
0.37 2540 0.0900228 0.660313 0.249664
0.371 2540 0.0947001 0.610146 0.295154
0.372 2540 0.0994668 0.558323 0.342211
0.373 2540 0.104251 0.505552 0.390197
0.374 2540 0.108982 0.452537 0.438481
0.375 2540 0.113594 0.399966 0.486441
0.376 2540 0.118022 0.348503 0.533474
0.377 2540 0.122209 0.298784 0.579007
0.378 2540 0.126099 0.251403 0.622498
0.379 2540 0.129644 0.206913 0.663443
0.38 2540 0.132801 0.165816 0.701383
0.381 2540 0.135534 0.12856 0.735906
0.382 2540 0.137813 0.0955346 0.766653
0.383 2540 0.139613 0.067071 0.793316
0.384 2540 0.140917 0.0434368 0.815646
0.385 2540 0.141715 0.0248368 0.833448
0.386 2540 0.142003 0.0114124 0.846585
0.387 2540 0.141781 0.00324226 0.854976
0.388 2540 0.141059 0.000343229 0.858598
0.389 2540 0.139847 0.00267274 0.85748
0.39 2540 0.138166 0.0101311 0.851702
0.391 2540 0.136039 0.0225647 0.841397
0.392 2540 0.133492 0.0397693 0.826739
0.393 2540 0.130557 0.0614946 0.807949
0.394 2540 0.127268 0.0874478 0.785284
0.395 2540 0.123664 0.117299 0.759037
0.396 2540 0.119784 0.150684 0.729531
0.397 2540 0.11567 0.187214 0.697116
0.398 2540 0.111363 0.226474 0.662162
0.399 2540 0.106909 0.268034 0.625057
0.4 2540 0.102351 0.311449 0.5862
0.401 2540 0.0977328 0.356267 0.546
0.402 2540 0.0930974 0.402033 0.504869
0.403 2540 0.088487 0.448296 0.463217
0.404 2540 0.0839424 0.494606 0.421452
0.405 2540 0.0795024 0.540528 0.37997
0.406 2540 0.0752039 0.585638 0.339158
0.407 2540 0.0710813 0.629531 0.299388
0.408 2540 0.0671664 0.671822 0.261011
0.409 2540 0.0634882 0.712152 0.22436
0.41 2540 0.0600728 0.750185 0.189743
0.411 2540 0.0569429 0.785615 0.157442
0.412 2540 0.0541183 0.818168 0.127713
0.413 2540 0.0516152 0.847601 0.100784
0.414 2540 0.0494467 0.873701 0.076852
0.415 2540 0.0476226 0.896294 0.0560837
0.416 2540 0.0461492 0.915236 0.0386151
0.417 2540 0.0450297 0.930419 0.0245512
0.418 2540 0.0442644 0.94177 0.0139657
0.419 2540 0.0438502 0.949248 0.00690163
0.42 2540 0.0437814 0.952847 0.00337198
0.421 2540 0.0440494 0.95259 0.00336051
0.422 2540 0.0446431 0.948534 0.00682278
0.423 2540 0.0455492 0.940763 0.0136875
0.424 2540 0.046752 0.92939 0.0238577
0.425 2540 0.048234 0.914553 0.0372128
0.426 2540 0.0499759 0.896414 0.0536098
0.427 2540 0.0519567 0.875158 0.0728854
0.428 2540 0.0541545 0.850988 0.0948578
0.429 2540 0.0565459 0.824125 0.119329
0.43 2540 0.0591069 0.794807 0.146086
0.431 2540 0.0618127 0.763284 0.174904
0.432 2540 0.0646383 0.729815 0.205547
0.433 2540 0.0675582 0.694669 0.237773
0.434 2540 0.0705471 0.658122 0.27133
0.435 2540 0.0735798 0.620453 0.305967
0.436 2540 0.0766315 0.581942 0.341426
0.437 2540 0.0796779 0.54287 0.377452
0.438 2540 0.0826952 0.503515 0.41379
0.439 2540 0.0856609 0.464151 0.450188
0.44 2540 0.088553 0.425046 0.486401
0.441 2540 0.091351 0.386461 0.522188
0.442 2540 0.0940351 0.348646 0.557319
0.443 2540 0.0965874 0.311842 0.59157
0.444 2540 0.098991 0.276278 0.624731
0.445 2540 0.10123 0.242169 0.656601
0.446 2540 0.103292 0.209716 0.686992
0.447 2540 0.105163 0.179104 0.715732
0.448 2540 0.106834 0.150506 0.74266
0.449 2540 0.108294 0.124073 0.767633
0.45 2540 0.109537 0.0999438 0.790519
0.451 2540 0.110556 0.078237 0.811207
0.452 2540 0.111348 0.0590547 0.829598
0.453 2540 0.111909 0.0424814 0.84561
0.454 2540 0.112238 0.0285836 0.859179
0.455 2540 0.112335 0.0174105 0.870255
0.456 2540 0.112202 0.00899402 0.878804
0.457 2540 0.111842 0.00334886 0.884809
0.458 2540 0.11126 0.00047334 0.888267
0.459 2540 0.110461 0.000349627 0.88919
0.46 2540 0.109451 0.00294442 0.887605
0.461 2540 0.108238 0.00820958 0.883552
0.462 2540 0.106832 0.0160828 0.877085
0.463 2540 0.105241 0.0264886 0.86827
0.464 2540 0.103477 0.0393387 0.857184
0.465 2540 0.101551 0.0545333 0.843916
0.466 2540 0.0994739 0.071962 0.828564
0.467 2540 0.0972591 0.0915042 0.811237
0.468 2540 0.0949192 0.113031 0.79205
0.469 2540 0.0924676 0.136405 0.771128
0.47 2540 0.0899179 0.161482 0.7486
0.471 2540 0.0872839 0.188112 0.724604
0.472 2540 0.0845794 0.21614 0.699281
0.473 2540 0.0818186 0.245407 0.672775
0.474 2540 0.0790154 0.27575 0.645234
0.475 2540 0.0761835 0.307007 0.61681
0.476 2540 0.0733366 0.33901 0.587654
0.477 2540 0.0704882 0.371594 0.557918
0.478 2540 0.0676514 0.404594 0.527755
0.479 2540 0.0648388 0.437845 0.497316
0.48 2540 0.0620629 0.471186 0.466751
0.481 2540 0.0593354 0.504458 0.436207
0.482 2540 0.0566678 0.537505 0.405827
0.483 2540 0.0540707 0.570175 0.375754
0.484 2540 0.0515544 0.602323 0.346122
0.485 2540 0.0491285 0.633807 0.317064
0.486 2540 0.0468018 0.664492 0.288706
0.487 2540 0.0445826 0.694249 0.261169
0.488 2540 0.0424784 0.722955 0.234566
0.489 2540 0.0404962 0.750497 0.209007
0.49 2540 0.0386419 0.776767 0.184591
0.491 2540 0.036921 0.801665 0.161414
0.492 2540 0.0353381 0.825099 0.139562
0.493 2540 0.0338973 0.846988 0.119115
0.494 2540 0.0326016 0.867254 0.100144
0.495 2540 0.0314537 0.885833 0.0827134
0.496 2540 0.0304552 0.902666 0.0668791
0.497 2540 0.0296074 0.917703 0.0526894
0.498 2540 0.0289106 0.930905 0.0401849
0.499 2540 0.0283646 0.942237 0.0293982
0.5 2540 0.0279685 0.951677 0.0203542
0.501 2540 0.0277209 0.959209 0.0130702
0.502 2540 0.0276198 0.964824 0.00755597
0.503 2540 0.0276624 0.968524 0.00381391
0.504 2540 0.0278457 0.970315 0.00183934
0.505 2540 0.0281659 0.970213 0.00162061
0.506 2540 0.028619 0.968242 0.00313936
0.507 2540 0.0292004 0.964429 0.00637077
0.508 2540 0.0299052 0.958811 0.0112839
0.509 2540 0.0307278 0.95143 0.0178417
0.51 2540 0.0316628 0.942335 0.0260019
0.511 2540 0.032704 0.931579 0.0357165
0.512 2540 0.0338452 0.919222 0.046933
0.513 2540 0.0350799 0.905326 0.0595939
0.514 2540 0.0364013 0.889961 0.0736376
0.515 2540 0.0378025 0.873199 0.0889985
0.516 2540 0.0392765 0.855116 0.105608
0.517 2540 0.0408161 0.835792 0.123392
0.518 2540 0.0424141 0.815308 0.142277
0.519 2540 0.0440631 0.793752 0.162185
0.52 2540 0.0457559 0.771208 0.183036
0.521 2540 0.0474851 0.747768 0.204747
0.522 2540 0.0492434 0.723521 0.227236
0.523 2540 0.0510236 0.698559 0.250418
0.524 2540 0.0528186 0.672974 0.274207
0.525 2540 0.0546213 0.64686 0.298519
0.526 2540 0.0564249 0.620308 0.323267
0.527 2540 0.0582225 0.593413 0.348364
0.528 2540 0.0600076 0.566266 0.373727
0.529 2540 0.0617738 0.538957 0.399269
0.53 2540 0.0635149 0.511578 0.424907
0.531 2540 0.0652248 0.484217 0.450558
0.532 2540 0.066898 0.45696 0.476142
0.533 2540 0.0685289 0.429893 0.501578
0.534 2540 0.0701123 0.403098 0.52679
0.535 2540 0.0716432 0.376656 0.551701
0.536 2540 0.073117 0.350645 0.576238
0.537 2540 0.0745292 0.32514 0.600331
0.538 2540 0.0758758 0.300213 0.623912
0.539 2540 0.077153 0.275932 0.646915
0.54 2540 0.0783573 0.252365 0.669278
0.541 2540 0.0794855 0.229573 0.690942
0.542 2540 0.0805347 0.207615 0.711851
0.543 2540 0.0815024 0.186547 0.731951
0.544 2540 0.0823864 0.16642 0.751194
0.545 2540 0.0831845 0.147283 0.769532
0.546 2540 0.0838953 0.12918 0.786924
0.547 2540 0.0845173 0.112152 0.803331
0.548 2540 0.0850496 0.0962347 0.818716
0.549 2540 0.0854912 0.0814617 0.833047
0.55 2540 0.0858419 0.0678619 0.846296
0.551 2540 0.0861013 0.0554604 0.858438
0.552 2540 0.0862695 0.0442787 0.869452
0.553 2540 0.0863469 0.0343345 0.879319
0.554 2540 0.0863341 0.0256417 0.888024
0.555 2540 0.0862319 0.0182104 0.895558
0.556 2540 0.0860413 0.0120474 0.901911
0.557 2540 0.0857638 0.00715559 0.907081
0.558 2540 0.0854008 0.00353472 0.911064
0.559 2540 0.084954 0.00118099 0.913865
0.56 2540 0.0844255 8.73303e-05 0.915487
0.561 2540 0.0838172 0.000243506 0.915939
0.562 2540 0.0831315 0.00163619 0.915232
0.563 2540 0.0823709 0.0042491 0.91338
0.564 2540 0.0815379 0.00806306 0.910399
0.565 2540 0.0806354 0.0130562 0.906308
0.566 2540 0.0796661 0.019204 0.90113
0.567 2540 0.0786331 0.0264796 0.894887
0.568 2540 0.0775395 0.0348535 0.887607
0.569 2540 0.0763885 0.0442942 0.879317
0.57 2540 0.0751834 0.0547681 0.870049
0.571 2540 0.0739275 0.0662395 0.859833
0.572 2540 0.0726243 0.0786711 0.848705
0.573 2540 0.0712772 0.0920238 0.836699
0.574 2540 0.0698898 0.106257 0.823853
0.575 2540 0.0684657 0.121328 0.810206
0.576 2540 0.0670083 0.137195 0.795797
0.577 2540 0.0655214 0.153812 0.780667
0.578 2540 0.0640084 0.171134 0.764857
0.579 2540 0.0624729 0.189116 0.748411
0.58 2540 0.0609186 0.207709 0.731373
0.581 2540 0.059349 0.226866 0.713785
0.582 2540 0.0577675 0.24654 0.695693
0.583 2540 0.0561778 0.266681 0.677142
0.584 2540 0.0545831 0.287241 0.658176
0.585 2540 0.0529869 0.308171 0.638842
0.586 2540 0.0513924 0.329422 0.619185
0.587 2540 0.049803 0.350946 0.599251
0.588 2540 0.0482218 0.372695 0.579084
0.589 2540 0.0466519 0.394619 0.558729
0.59 2540 0.0450963 0.416671 0.538233
0.591 2540 0.0435579 0.438804 0.517638
0.592 2540 0.0420397 0.460972 0.496988
0.593 2540 0.0405442 0.483128 0.476327
0.594 2540 0.0390741 0.505228 0.455698
0.595 2540 0.037632 0.527227 0.435141
0.596 2540 0.0362203 0.549081 0.414699
0.597 2540 0.0348412 0.570749 0.39441
0.598 2540 0.0334971 0.592189 0.374314
0.599 2540 0.03219 0.613361 0.354449
0.6 2540 0.0309217 0.634227 0.334851
0.601 2540 0.0296943 0.654748 0.315558
0.602 2540 0.0285094 0.674888 0.296602
0.603 2540 0.0273687 0.694613 0.278018
0.604 2540 0.0262736 0.713888 0.259838
0.605 2540 0.0252255 0.732682 0.242093
0.606 2540 0.0242257 0.750963 0.224811
0.607 2540 0.0232753 0.768703 0.208022
0.608 2540 0.0223752 0.785873 0.191751
0.609 2540 0.0215266 0.802448 0.176025
0.61 2540 0.02073 0.818403 0.160867
0.611 2540 0.0199861 0.833715 0.146299
0.612 2540 0.0192956 0.848361 0.132343
0.613 2540 0.0186589 0.862323 0.119018
0.614 2540 0.0180762 0.875581 0.106342
0.615 2540 0.0175478 0.88812 0.0943321
0.616 2540 0.0170738 0.899923 0.0830027
0.617 2540 0.0166543 0.910978 0.0723678
0.618 2540 0.0162891 0.921271 0.0624394
0.619 2540 0.0159781 0.930793 0.0532284
0.62 2540 0.0157209 0.939535 0.0447441
0.621 2540 0.0155172 0.947488 0.0369944
0.622 2540 0.0153665 0.954648 0.0299857
0.623 2540 0.0152683 0.961009 0.023723
0.624 2540 0.0152219 0.966568 0.0182103
0.625 2540 0.0152266 0.971324 0.0134497
0.626 2540 0.0152816 0.975276 0.00944231
0.627 2540 0.0153861 0.978426 0.00618799
0.628 2540 0.015539 0.980776 0.0036852
0.629 2540 0.0157395 0.982329 0.0019312
0.63 2540 0.0159863 0.983092 0.000922077
0.631 2540 0.0162784 0.983069 0.000652716
0.632 2540 0.0166147 0.982268 0.00111689
0.633 2540 0.0169937 0.980699 0.00230726
0.634 2540 0.0174144 0.97837 0.00421543
0.635 2540 0.0178752 0.975293 0.00683198
0.636 2540 0.0183749 0.971479 0.0101465
0.637 2540 0.018912 0.96694 0.0141476
0.638 2540 0.0194851 0.961692 0.018823
0.639 2540 0.0200926 0.955748 0.0241597
0.64 2540 0.0207331 0.949123 0.0301435
0.641 2540 0.021405 0.941835 0.0367597
0.642 2540 0.0221067 0.9339 0.0439928
0.643 2540 0.0228367 0.925337 0.0518266
0.644 2540 0.0235933 0.916163 0.0602442
0.645 2540 0.0243749 0.906397 0.069228
0.646 2540 0.02518 0.89606 0.0787599
0.647 2540 0.0260068 0.885172 0.0888213
0.648 2540 0.0268538 0.873753 0.099393
0.649 2540 0.0277192 0.861826 0.110455
0.65 2540 0.0286014 0.84941 0.121988
0.651 2540 0.0294989 0.83653 0.133971
0.652 2540 0.0304099 0.823207 0.146384
0.653 2540 0.0313329 0.809463 0.159204
0.654 2540 0.0322662 0.795322 0.172412
0.655 2540 0.0332083 0.780808 0.185984
0.656 2540 0.0341574 0.765942 0.1999
0.657 2540 0.0351122 0.75075 0.214138
0.658 2540 0.036071 0.735254 0.228675
0.659 2540 0.0370322 0.719479 0.243489
0.66 2540 0.0379945 0.703448 0.258558
0.661 2540 0.0389563 0.687184 0.27386
0.662 2540 0.0399161 0.670712 0.289372
0.663 2540 0.0408726 0.654055 0.305072
0.664 2540 0.0418243 0.637237 0.320939
0.665 2540 0.0427699 0.62028 0.33695
0.666 2540 0.0437081 0.60321 0.353082
0.667 2540 0.0446374 0.586047 0.369316
0.668 2540 0.0455568 0.568816 0.385628
0.669 2540 0.0464649 0.551538 0.401997
0.67 2540 0.0473606 0.534236 0.418403
0.671 2540 0.0482427 0.516933 0.434825
0.672 2540 0.04911 0.499649 0.451241
0.673 2540 0.0499616 0.482406 0.467632
0.674 2540 0.0507963 0.465226 0.483978
0.675 2540 0.0516133 0.448128 0.500259
0.676 2540 0.0524114 0.431133 0.516456
0.677 2540 0.0531898 0.41426 0.53255
0.678 2540 0.0539477 0.39753 0.548522
0.679 2540 0.0546842 0.38096 0.564356
0.68 2540 0.0553985 0.36457 0.580032
0.681 2540 0.0560898 0.348376 0.595534
0.682 2540 0.0567575 0.332398 0.610845
0.683 2540 0.0574009 0.31665 0.625949
0.684 2540 0.0580193 0.301151 0.64083
0.685 2540 0.0586123 0.285915 0.655473
0.686 2540 0.0591792 0.270958 0.669863
0.687 2540 0.0597195 0.256295 0.683986
0.688 2540 0.0602329 0.241939 0.697828
0.689 2540 0.0607188 0.227906 0.711376
0.69 2540 0.061177 0.214206 0.724617
0.691 2540 0.0616071 0.200854 0.737539
0.692 2540 0.0620087 0.187861 0.75013
0.693 2540 0.0623817 0.175238 0.76238
0.694 2540 0.0627258 0.162997 0.774277
0.695 2540 0.0630408 0.151146 0.785813
0.696 2540 0.0633267 0.139697 0.796977
0.697 2540 0.0635833 0.128657 0.80776
0.698 2540 0.0638105 0.118035 0.818155
0.699 2540 0.0640083 0.107839 0.828152
0.7 2540 0.0641768 0.098077 0.837746
0.701 2540 0.0643159 0.0887547 0.846929
0.702 2540 0.0644257 0.0798784 0.855696
0.703 2540 0.0645064 0.0714537 0.86404
0.704 2540 0.0645581 0.0634856 0.871956
0.705 2540 0.0645809 0.0559785 0.879441
0.706 2540 0.064575 0.0489362 0.886489
0.707 2540 0.0645408 0.0423622 0.893097
0.708 2540 0.0644783 0.036259 0.899263
0.709 2540 0.064388 0.0306291 0.904983
0.71 2540 0.0642701 0.0254741 0.910256
0.711 2540 0.0641249 0.0207952 0.91508
0.712 2540 0.0639528 0.0165931 0.919454
0.713 2540 0.0637543 0.0128681 0.923378
0.714 2540 0.0635296 0.00961982 0.926851
0.715 2540 0.0632793 0.00684751 0.929873
0.716 2540 0.0630038 0.00454995 0.932446
0.717 2540 0.0627035 0.00272545 0.934571
0.718 2540 0.0623789 0.00137187 0.936249
0.719 2540 0.0620306 0.00048663 0.937483
0.72 2540 0.0616591 6.67382e-05 0.938274
0.721 2540 0.0612648 0.000108776 0.938626
0.722 2540 0.0608485 0.000608924 0.938543
0.723 2540 0.0604105 0.00156297 0.938027
0.724 2540 0.0599516 0.00296633 0.937082
0.725 2540 0.0594722 0.00481404 0.935714
0.726 2540 0.0589731 0.00710079 0.933926
0.727 2540 0.0584548 0.00982091 0.931724
0.728 2540 0.057918 0.0129684 0.929114
0.729 2540 0.0573632 0.016537 0.9261
0.73 2540 0.0567912 0.0205201 0.922689
0.731 2540 0.0562026 0.0249107 0.918887
0.732 2540 0.055598 0.0297016 0.9147
0.733 2540 0.0549782 0.0348855 0.910136
0.734 2540 0.0543437 0.0404545 0.905202
0.735 2540 0.0536952 0.0464007 0.899904
0.736 2540 0.0530335 0.0527159 0.894251
0.737 2540 0.0523592 0.0593916 0.888249
0.738 2540 0.051673 0.0664193 0.881908
0.739 2540 0.0509756 0.07379 0.875234
0.74 2540 0.0502676 0.0814949 0.868238
0.741 2540 0.0495497 0.0895246 0.860926
0.742 2540 0.0488227 0.0978699 0.853307
0.743 2540 0.0480871 0.106521 0.845392
0.744 2540 0.0473437 0.115469 0.837187
0.745 2540 0.0465932 0.124703 0.828704
0.746 2540 0.0458362 0.134214 0.81995
0.747 2540 0.0450733 0.143992 0.810935
0.748 2540 0.0443053 0.154026 0.801669
0.749 2540 0.0435329 0.164307 0.79216
0.75 2540 0.0427565 0.174824 0.782419
0.751 2540 0.041977 0.185567 0.772456
0.752 2540 0.0411949 0.196526 0.762279
0.753 2540 0.0404109 0.207689 0.7519
0.754 2540 0.0396256 0.219048 0.741326
0.755 2540 0.0388396 0.230591 0.73057
0.756 2540 0.0380536 0.242307 0.719639
0.757 2540 0.037268 0.254187 0.708545
0.758 2540 0.0364836 0.26622 0.697296
0.759 2540 0.0357009 0.278395 0.685904
0.76 2540 0.0349205 0.290703 0.674377
0.761 2540 0.0341428 0.303131 0.662726
0.762 2540 0.0333686 0.315672 0.65096
0.763 2540 0.0325983 0.328313 0.639089
0.764 2540 0.0318324 0.341044 0.627123
0.765 2540 0.0310715 0.353856 0.615072
0.766 2540 0.0303161 0.366739 0.602945
0.767 2540 0.0295667 0.379682 0.590752
0.768 2540 0.0288237 0.392675 0.578501
0.769 2540 0.0280877 0.405708 0.566204
0.77 2540 0.027359 0.418773 0.553868
0.771 2540 0.0266382 0.431858 0.541504
0.772 2540 0.0259257 0.444954 0.52912
0.773 2540 0.0252218 0.458053 0.516725
0.774 2540 0.024527 0.471144 0.504329
0.775 2540 0.0238418 0.484219 0.491939
0.776 2540 0.0231664 0.497268 0.479566
0.777 2540 0.0225013 0.510282 0.467217
0.778 2540 0.0218468 0.523253 0.4549
0.779 2540 0.0212032 0.536172 0.442625
0.78 2540 0.0205709 0.54903 0.430399
0.781 2540 0.0199502 0.561819 0.418231
0.782 2540 0.0193414 0.574531 0.406127
0.783 2540 0.0187448 0.587158 0.394097
0.784 2540 0.0181607 0.599691 0.382148
0.785 2540 0.0175894 0.612124 0.370287
0.786 2540 0.017031 0.624448 0.358521
0.787 2540 0.0164859 0.636657 0.346857
0.788 2540 0.0159542 0.648742 0.335304
0.789 2540 0.0154362 0.660697 0.323866
0.79 2540 0.014932 0.672516 0.312552
0.791 2540 0.0144419 0.684191 0.301368
0.792 2540 0.0139661 0.695715 0.290319
0.793 2540 0.0135047 0.707083 0.279412
0.794 2540 0.0130578 0.718289 0.268653
0.795 2540 0.0126256 0.729326 0.258049
0.796 2540 0.0122082 0.740188 0.247603
0.797 2540 0.0118057 0.750871 0.237323
0.798 2540 0.0114183 0.761369 0.227213
0.799 2540 0.011046 0.771676 0.217278
0.8 2540 0.0106888 0.781787 0.207524
0.801 2540 0.010347 0.791698 0.197955
0.802 2540 0.0100204 0.801405 0.188575
0.803 2540 0.00970927 0.810901 0.179389
0.804 2540 0.0094135 0.820184 0.170402
0.805 2540 0.00913314 0.82925 0.161617
0.806 2540 0.00886822 0.838094 0.153038
0.807 2540 0.00861874 0.846712 0.144669
0.808 2540 0.00838468 0.855102 0.136514
0.809 2540 0.00816604 0.863259 0.128575
0.81 2540 0.00796277 0.871181 0.120856
0.811 2540 0.00777485 0.878865 0.11336
0.812 2540 0.00760222 0.886308 0.10609
0.813 2540 0.00744483 0.893507 0.0990477
0.814 2540 0.00730261 0.900461 0.0922367
0.815 2540 0.00717549 0.907166 0.0856587
0.816 2540 0.00706339 0.913621 0.0793161
0.817 2540 0.00696622 0.919823 0.0732107
0.818 2540 0.00688387 0.925772 0.0673443
0.819 2540 0.00681624 0.931465 0.0617187
0.82 2540 0.00676321 0.936902 0.0563352
0.821 2540 0.00672466 0.94208 0.0511952
0.822 2540 0.00670046 0.947 0.0462999
0.823 2540 0.00669048 0.951659 0.0416502
0.824 2540 0.00669457 0.956058 0.037247
0.825 2540 0.00671257 0.960196 0.033091
0.826 2540 0.00674434 0.964073 0.0291828
0.827 2540 0.0067897 0.967688 0.0255227
0.828 2540 0.0068485 0.971041 0.022111
0.829 2540 0.00692055 0.974132 0.0189478
0.83 2540 0.00700567 0.976961 0.016033
0.831 2540 0.00710369 0.97953 0.0133666
0.832 2540 0.0072144 0.981838 0.0109481
0.833 2540 0.00733761 0.983885 0.00877712
0.834 2540 0.00747312 0.985674 0.00685311
0.835 2540 0.00762072 0.987204 0.00517534
0.836 2540 0.00778022 0.988477 0.00374297
0.837 2540 0.00795138 0.989494 0.00255506
0.838 2540 0.008134 0.990255 0.00161052
0.839 2540 0.00832785 0.990764 0.000908145
0.84 2540 0.00853271 0.991021 0.000446624
0.841 2540 0.00874836 0.991027 0.000224525
0.842 2540 0.00897455 0.990785 0.000240307
0.843 2540 0.00921106 0.990297 0.000492321
0.844 2540 0.00945765 0.989564 0.000978809
0.845 2540 0.00971408 0.988588 0.00169791
0.846 2540 0.00998011 0.987372 0.00264767
0.847 2540 0.0102555 0.985918 0.00382603
0.848 2540 0.01054 0.984229 0.00523084
0.849 2540 0.0108334 0.982307 0.00685985
0.85 2540 0.0111353 0.980154 0.00871073
0.851 2540 0.0114457 0.977773 0.0107811
0.852 2540 0.0117641 0.975168 0.0130683
0.853 2540 0.0120904 0.97234 0.0155699
0.854 2540 0.0124243 0.969292 0.0182833
0.855 2540 0.0127656 0.966029 0.0212055
0.856 2540 0.013114 0.962552 0.0243339
0.857 2540 0.0134692 0.958865 0.0276656
0.858 2540 0.013831 0.954971 0.0311975
0.859 2540 0.0141991 0.950874 0.0349268
0.86 2540 0.0145733 0.946576 0.0388502
0.861 2540 0.0149533 0.942082 0.0429647
0.862 2540 0.0153389 0.937394 0.0472671
0.863 2540 0.0157298 0.932516 0.051754
0.864 2540 0.0161258 0.927452 0.0564223
0.865 2540 0.0165265 0.922205 0.0612685
0.866 2540 0.0169318 0.916779 0.0662893
0.867 2540 0.0173414 0.911177 0.0714812
0.868 2540 0.0177551 0.905404 0.0768406
0.869 2540 0.0181725 0.899463 0.0823642
0.87 2540 0.0185935 0.893358 0.0880483
0.871 2540 0.0190178 0.887093 0.0938893
0.872 2540 0.0194451 0.880671 0.0998836
0.873 2540 0.0198753 0.874097 0.106027
0.874 2540 0.020308 0.867375 0.112317
0.875 2540 0.0207431 0.860508 0.118749
0.876 2540 0.0211802 0.8535 0.12532
0.877 2540 0.0216193 0.846356 0.132025
0.878 2540 0.0220599 0.839079 0.138861
0.879 2540 0.0225019 0.831674 0.145824
0.88 2540 0.0229451 0.824144 0.152911
0.881 2540 0.0233892 0.816494 0.160117
0.882 2540 0.0238341 0.808727 0.167439
0.883 2540 0.0242794 0.800848 0.174872
0.884 2540 0.024725 0.792861 0.182414
0.885 2540 0.0251706 0.78477 0.190059
0.886 2540 0.0256161 0.776579 0.197805
0.887 2540 0.0260612 0.768292 0.205647
0.888 2540 0.0265057 0.759913 0.213582
0.889 2540 0.0269494 0.751446 0.221605
0.89 2540 0.0273922 0.742895 0.229713
0.891 2540 0.0278337 0.734264 0.237902
0.892 2540 0.0282738 0.725558 0.246168
0.893 2540 0.0287124 0.71678 0.254508
0.894 2540 0.0291492 0.707934 0.262917
0.895 2540 0.029584 0.699025 0.271391
0.896 2540 0.0300167 0.690056 0.279928
0.897 2540 0.0304471 0.681031 0.288522
0.898 2540 0.030875 0.671954 0.297171
0.899 2540 0.0313001 0.662829 0.305871
0.9 2540 0.0317225 0.65366 0.314617
0.901 2540 0.0321418 0.644452 0.323407
0.902 2540 0.0325579 0.635206 0.332236
0.903 2540 0.0329707 0.625929 0.3411
0.904 2540 0.03338 0.616622 0.349998
0.905 2540 0.0337857 0.607291 0.358923
0.906 2540 0.0341875 0.597938 0.367874
0.907 2540 0.0345854 0.588568 0.376846
0.908 2540 0.0349792 0.579184 0.385836
0.909 2540 0.0353688 0.56979 0.394841
0.91 2540 0.035754 0.560389 0.403857
0.911 2540 0.0361347 0.550985 0.41288
0.912 2540 0.0365108 0.541581 0.421908
0.913 2540 0.0368822 0.532181 0.430936
0.914 2540 0.0372486 0.522789 0.439962
0.915 2540 0.0376101 0.513407 0.448983
0.916 2540 0.0379664 0.504039 0.457994
0.917 2540 0.0383175 0.494689 0.466994
0.918 2540 0.0386633 0.485359 0.475977
0.919 2540 0.0390037 0.476053 0.484943
0.92 2540 0.0393385 0.466775 0.493887
0.921 2540 0.0396677 0.457526 0.502806
0.922 2540 0.0399911 0.448311 0.511698
0.923 2540 0.0403087 0.439132 0.52056
0.924 2540 0.0406205 0.429992 0.529387
0.925 2540 0.0409262 0.420895 0.538179
0.926 2540 0.0412259 0.411843 0.546931
0.927 2540 0.0415194 0.402839 0.555642
0.928 2540 0.0418067 0.393885 0.564308
0.929 2540 0.0420877 0.384986 0.572926
0.93 2540 0.0423624 0.376143 0.581495
0.931 2540 0.0426306 0.367359 0.590011
0.932 2540 0.0428924 0.358636 0.598471
0.933 2540 0.0431476 0.349978 0.606874
0.934 2540 0.0433962 0.341387 0.615217
0.935 2540 0.0436382 0.332865 0.623497
0.936 2540 0.0438735 0.324414 0.631713
0.937 2540 0.0441021 0.316037 0.639861
0.938 2540 0.0443239 0.307737 0.647939
0.939 2540 0.0445388 0.299515 0.655946
0.94 2540 0.0447469 0.291374 0.663879
0.941 2540 0.0449482 0.283316 0.671736
0.942 2540 0.0451425 0.275343 0.679515
0.943 2540 0.0453299 0.267457 0.687213
0.944 2540 0.0455103 0.25966 0.69483
0.945 2540 0.0456838 0.251954 0.702362
0.946 2540 0.0458502 0.244341 0.709808
0.947 2540 0.0460096 0.236823 0.717167
0.948 2540 0.046162 0.229402 0.724436
0.949 2540 0.0463074 0.222079 0.731614
0.95 2540 0.0464457 0.214856 0.738698
0.951 2540 0.046577 0.207734 0.745689
0.952 2540 0.0467013 0.200716 0.752582
0.953 2540 0.0468184 0.193803 0.759379
0.954 2540 0.0469286 0.186996 0.766075
0.955 2540 0.0470317 0.180297 0.772671
0.956 2540 0.0471278 0.173707 0.779165
0.957 2540 0.0472168 0.167227 0.785556
0.958 2540 0.0472989 0.16086 0.791841
0.959 2540 0.0473739 0.154605 0.798021
0.96 2540 0.047442 0.148464 0.804094
0.961 2540 0.0475032 0.142439 0.810057
0.962 2540 0.0475574 0.136531 0.815912
0.963 2540 0.0476047 0.13074 0.821656
0.964 2540 0.0476451 0.125067 0.827288
0.965 2540 0.0476787 0.119514 0.832808
0.966 2540 0.0477054 0.114081 0.838214
0.967 2540 0.0477254 0.108769 0.843505
0.968 2540 0.0477386 0.10358 0.848681
0.969 2540 0.0477451 0.0985131 0.853742
0.97 2540 0.047745 0.0935699 0.858685
0.971 2540 0.0477382 0.0887509 0.863511
0.972 2540 0.0477248 0.0840566 0.868219
0.973 2540 0.0477048 0.0794878 0.872807
0.974 2540 0.0476783 0.0750449 0.877277
0.975 2540 0.0476454 0.0707285 0.881626
0.976 2540 0.0476061 0.0665389 0.885855
0.977 2540 0.0475604 0.0624767 0.889963
0.978 2540 0.0475084 0.0585421 0.89395
0.979 2540 0.0474501 0.0547355 0.897814
0.98 2540 0.0473857 0.0510572 0.901557
0.981 2540 0.0473151 0.0475073 0.905178
0.982 2540 0.0472384 0.0440862 0.908675
0.983 2540 0.0471557 0.040794 0.91205
0.984 2540 0.047067 0.0376308 0.915302
0.985 2540 0.0469724 0.0345967 0.918431
0.986 2540 0.0468719 0.0316917 0.921436
0.987 2540 0.0467657 0.0289158 0.924319
0.988 2540 0.0466538 0.0262691 0.927077
0.989 2540 0.0465362 0.0237513 0.929712
0.99 2540 0.046413 0.0213626 0.932224
0.991 2540 0.0462843 0.0191026 0.934613
0.992 2540 0.0461501 0.0169713 0.936879
0.993 2540 0.0460106 0.0149684 0.939021
0.994 2540 0.0458658 0.0130936 0.941041
0.995 2540 0.0457157 0.0113468 0.942937
0.996 2540 0.0455605 0.00972756 0.944712
0.997 2540 0.0454002 0.00823557 0.946364
0.998 2540 0.0452348 0.00687045 0.947895
0.999 2540 0.0450645 0.00563181 0.949304
1 2540 0.0448894 0.00451921 0.950591
1.001 2540 0.0447095 0.00353217 0.951758
1.002 2540 0.0445248 0.00267021 0.952805
1.003 2540 0.0443355 0.0019328 0.953732
1.004 2540 0.0441417 0.00131938 0.954539
1.005 2540 0.0439433 0.000829379 0.955227
1.006 2540 0.0437406 0.00046218 0.955797
1.007 2540 0.0435335 0.00021715 0.956249
1.008 2540 0.0433222 9.36246e-05 0.956584
1.009 2540 0.0431068 9.09163e-05 0.956802
1.01 2540 0.0428872 0.000208311 0.956904
1.011 2540 0.0426637 0.000445071 0.956891
1.012 2540 0.0424362 0.000800432 0.956763
1.013 2540 0.0422049 0.00127361 0.956522
1.014 2540 0.0419698 0.00186379 0.956166
1.015 2540 0.041731 0.00257015 0.955699
1.016 2540 0.0414887 0.00339183 0.955119
1.017 2540 0.0412428 0.00432795 0.954429
1.018 2540 0.0409935 0.00537762 0.953629
1.019 2540 0.0407409 0.00653992 0.952719
1.02 2540 0.040485 0.00781391 0.951701
1.021 2540 0.0402259 0.00919865 0.950575
1.022 2540 0.0399637 0.0106931 0.949343
1.023 2540 0.0396985 0.0122964 0.948005
1.024 2540 0.0394303 0.0140074 0.946562
1.025 2540 0.0391593 0.0158252 0.945016
1.026 2540 0.0388855 0.0177486 0.943366
1.027 2540 0.038609 0.0197767 0.941614
1.028 2540 0.0383299 0.0219083 0.939762
1.029 2540 0.0380483 0.0241424 0.937809
1.03 2540 0.0377643 0.0264778 0.935758
1.031 2540 0.0374778 0.0289135 0.933609
1.032 2540 0.0371891 0.0314482 0.931363
1.033 2540 0.0368982 0.0340809 0.929021
1.034 2540 0.0366052 0.0368104 0.926584
1.035 2540 0.0363101 0.0396355 0.924054
1.036 2540 0.0360131 0.042555 0.921432
1.037 2540 0.0357141 0.0455678 0.918718
1.038 2540 0.0354134 0.0486726 0.915914
1.039 2540 0.035111 0.0518682 0.913021
1.04 2540 0.0348069 0.0551533 0.91004
1.041 2540 0.0345013 0.0585269 0.906972
1.042 2540 0.0341941 0.0619875 0.903818
1.043 2540 0.0338856 0.0655339 0.90058
1.044 2540 0.0335757 0.069165 0.897259
1.045 2540 0.0332646 0.0728793 0.893856
1.046 2540 0.0329523 0.0766757 0.890372
1.047 2540 0.0326389 0.0805528 0.886808
1.048 2540 0.0323245 0.0845094 0.883166
1.049 2540 0.0320091 0.0885442 0.879447
1.05 2540 0.0316928 0.0926558 0.875651
1.051 2540 0.0313758 0.096843 0.871781
1.052 2540 0.031058 0.101104 0.867838
1.053 2540 0.0307395 0.105439 0.863822
1.054 2540 0.0304205 0.109845 0.859735
1.055 2540 0.0301009 0.114321 0.855578
1.056 2540 0.029781 0.118866 0.851353
1.057 2540 0.0294606 0.123479 0.847061
1.058 2540 0.0291399 0.128158 0.842702
1.059 2540 0.028819 0.132902 0.838279
1.06 2540 0.028498 0.137709 0.833793
1.061 2540 0.0281768 0.142579 0.829244
1.062 2540 0.0278557 0.14751 0.824634
1.063 2540 0.0275345 0.152501 0.819965
1.064 2540 0.0272135 0.157549 0.815237
1.065 2540 0.0268926 0.162655 0.810453
1.066 2540 0.026572 0.167816 0.805612
1.067 2540 0.0262516 0.173031 0.800717
1.068 2540 0.0259317 0.1783 0.795769
1.069 2540 0.0256121 0.183619 0.790769
1.07 2540 0.0252931 0.188989 0.785718
1.071 2540 0.0249745 0.194408 0.780617
1.072 2540 0.0246566 0.199875 0.775469
1.073 2540 0.0243394 0.205387 0.770273
1.074 2540 0.0240229 0.210945 0.765032
1.075 2540 0.0237071 0.216546 0.759747
1.076 2540 0.0233922 0.222189 0.754419
1.077 2540 0.0230783 0.227873 0.749048
1.078 2540 0.0227652 0.233597 0.743638
1.079 2540 0.0224532 0.239359 0.738188
1.08 2540 0.0221422 0.245158 0.732699
1.081 2540 0.0218324 0.250993 0.727175
1.082 2540 0.0215237 0.256862 0.721614
1.083 2540 0.0212163 0.262764 0.716019
1.084 2540 0.0209101 0.268698 0.710392
1.085 2540 0.0206052 0.274663 0.704732
1.086 2540 0.0203018 0.280657 0.699042
1.087 2540 0.0199997 0.286678 0.693322
1.088 2540 0.0196991 0.292727 0.687574
1.089 2540 0.0194001 0.2988 0.681799
1.09 2540 0.0191026 0.304898 0.675999
1.091 2540 0.0188067 0.311019 0.670174
1.092 2540 0.0185125 0.317162 0.664325
1.093 2540 0.01822 0.323325 0.658455
1.094 2540 0.0179292 0.329507 0.652563
1.095 2540 0.0176402 0.335708 0.646652
1.096 2540 0.0173531 0.341925 0.640722
1.097 2540 0.0170678 0.348158 0.634774
1.098 2540 0.0167844 0.354405 0.628811
1.099 2540 0.016503 0.360665 0.622832
1.1 2540 0.0162236 0.366938 0.616839
1.101 2540 0.0159462 0.373221 0.610833
1.102 2540 0.0156709 0.379514 0.604815
1.103 2540 0.0153977 0.385816 0.598787
1.104 2540 0.0151266 0.392125 0.592749
1.105 2540 0.0148577 0.39844 0.586702
1.106 2540 0.014591 0.40476 0.580649
1.107 2540 0.0143266 0.411085 0.574589
1.108 2540 0.0140644 0.417412 0.568523
1.109 2540 0.0138045 0.423741 0.562454
1.11 2540 0.013547 0.430071 0.556382
1.111 2540 0.0132918 0.436401 0.550307
1.112 2540 0.0130391 0.442729 0.544232
1.113 2540 0.0127887 0.449055 0.538157
1.114 2540 0.0125408 0.455377 0.532082
1.115 2540 0.0122955 0.461694 0.52601
1.116 2540 0.0120526 0.468006 0.519941
1.117 2540 0.0118122 0.474312 0.513876
1.118 2540 0.0115744 0.48061 0.507816
1.119 2540 0.0113392 0.486899 0.501762
1.12 2540 0.0111067 0.493178 0.495715
1.121 2540 0.0108767 0.499447 0.489676
1.122 2540 0.0106494 0.505704 0.483646
1.123 2540 0.0104248 0.511949 0.477626
1.124 2540 0.0102029 0.51818 0.471617
1.125 2540 0.00998367 0.524397 0.465619
1.126 2540 0.00976721 0.530599 0.459634
1.127 2540 0.0095535 0.536784 0.453662
1.128 2540 0.00934257 0.542952 0.447705
